"X.1","X.2","X.3","X.4","X.5","X.6","X.7","X.8","X.9","X.10","X.11","X.12","X.13","X.14","X.15","X.16","X.17","X.18","X.19","X.20","X.21","X.22","X.23","X.24","X.25","X.26","X.27","X.28","X.29","X.30","X.31","X.32","X.33","X.34","X.35","X.36","X.37","X.38","X.39","X.40","X.41","X.42","X.43","X.44","X.45","X.46","X.47","X.48","X.49","X.50","X.51","X.52","X.53","X.54","X.55","X.56","X.57","X.58","X.59","X.60","X.61","X.62","X.63","X.64","X.65","X.66","X.67","X.68","X.69","X.70","X.71","X.72","X.73","X.74","X.75","X.76","X.77","X.78","X.79","X.80","X.81","X.82","X.83","X.84","X.85","X.86","X.87","X.88","X.89","X.90","X.91","X.92","X.93","X.94","X.95","X.96","X.97","X.98","X.99","X.100","X.101","X.102","X.103","X.104","X.105","X.106","X.107","X.108","X.109","X.110","X.111","X.112","X.113","X.114","X.115","X.116","X.117","X.118","X.119","X.120","X.121","X.122","X.123","X.124","X.125","X.126","X.127","X.128","X.129","X.130","X.131","X.132","X.133","X.134","X.135","X.136","X.137","X.138","X.139","X.140","X.141","X.142","X.143","X.144","X.145","X.146","X.147","X.148","X.149","X.150","X.151","X.152","X.153","X.154","X.155","X.156","X.157","X.158","X.159","X.160","X.223"
13520.6630859375,12777.6796875,13347.6923828125,13131.9970703125,12678.037109375,13461.1318359375,14125.650390625,12299.740234375,13564.9765625,12119.4814453125,12727.2626953125,12680.236328125,13781.6015625,14423.9111328125,10158.681640625,12055.4033203125,11201.478515625,11870.41015625,13547.6806640625,11504.3857421875,12873.119140625,11379.716796875,11440.8466796875,11455.919921875,13108.8935546875,14433.71875,12861.982421875,13756.6220703125,11398.6337890625,13633.2216796875,12735.4990234375,12223.970703125,12236.5703125,11522.2529296875,8552.880859375,11115.310546875,11613.65625,12315.4609375,11719.3349609375,12708.8564453125,11561.4150390625,13828.2158203125,12075.654296875,13654.421875,9642.1396484375,11192.5,11971.107421875,12553.58984375,11352.830078125,11739.13671875,10489.44921875,10503.298828125,10825.951171875,11121.2265625,11847.5439453125,12263.3203125,11399.095703125,12235.6640625,12969.71875,13170.78125,12310.53515625,9974.11328125,15054.8466796875,10521.453125,9911.435546875,11035.1845703125,11858.185546875,12291.2734375,9453.9921875,13053.0341796875,12475.171875,3818.72827148438,12621.29296875,10711.1103515625,10225.9765625,11170.1259765625,11522.7734375,13254.9033203125,10386.85546875,12753.8271484375,4812.74658203125,12618.8310546875,11096.2099609375,13071.10546875,12824.935546875,9863.92578125,11442.2890625,11959.275390625,13573.6767578125,12275.0322265625,9688.642578125,12446.5478515625,11492.333984375,10762.666015625,12028.8701171875,11852.7587890625,12039.7412109375,11615.111328125,12614.4140625,12058.4296875,11991.9326171875,10716.2568359375,10832.9208984375,12375.4833984375,12850.3193359375,12633.2919921875,11909.8056640625,13139.52734375,11354.5703125,8202.998046875,12164.0830078125,13412.5283203125,10028.4677734375,13446.3037109375,12761.8408203125,11630.9951171875,12954.4951171875,10414.4189453125,11298.1064453125,11761.0341796875,9016.75,10421.7744140625,12833.728515625,13114.919921875,11904.23046875,10793.1494140625,10645.7490234375,10810.4814453125,10486.55859375,10016.169921875,9051.6787109375,11715.0234375,12186.4384765625,12224.7080078125,13069.3662109375,12883.4267578125,13316.4111328125,10487.3740234375,13074.2080078125,9149.8955078125,12512.32421875,13418.5966796875,8740.7333984375,9354.5283203125,13943.7431640625,13203.36328125,12234.4990234375,12387.0087890625,10664.8623046875,7930.9951171875,7897.353515625,12186.6552734375,12453.5078125,10816.4912109375,6365.123046875,8543.611328125,10357.3564453125,11119.7705078125,10870.3525390625,11375.5498046875,12515.68359375
13521.0966796875,12777.49609375,13347.078125,13132.5810546875,12678.33984375,13461.6982421875,14127.1083984375,12299.8720703125,13565.0029296875,12119.62109375,12727.2646484375,12679.955078125,13781.5009765625,14424.63671875,10159.375,12056.3759765625,11201.654296875,11870.509765625,13549.1591796875,11504.751953125,12874.25390625,11379.8251953125,11441.6640625,11455.3515625,13110.22265625,14434.46875,12862.076171875,13756.271484375,11399.126953125,13633.6865234375,12736.029296875,12222.69140625,12235.4140625,11521.8740234375,8553.0419921875,11115.763671875,11613.2216796875,12315.2998046875,11719.8984375,12708.4404296875,11561.0146484375,13828.3818359375,12075.671875,13654.2412109375,9643.1298828125,11192.6171875,11970.7939453125,12553.369140625,11352.7197265625,11738.7099609375,10489.7314453125,10504.0849609375,10825.9541015625,11120.8525390625,11847.662109375,12263.0810546875,11398.94140625,12235.7216796875,12968.8359375,13168.626953125,12310.1689453125,9973.330078125,15054.9970703125,10521.1025390625,9911.1015625,11034.93359375,11857.6767578125,12290.7900390625,9454.021484375,13052.150390625,12475.5419921875,3819.07153320312,12622.0439453125,10710.8544921875,10226.5986328125,11169.818359375,11522.7421875,13254.18359375,10386.6484375,12753.41015625,4813.228515625,12618.080078125,11095.5927734375,13070.1953125,12824.880859375,9863.3408203125,11442.1279296875,11958.8017578125,13574.337890625,12274.455078125,9689.580078125,12445.7666015625,11491.8349609375,10763.0810546875,12029.140625,11852.412109375,12040.0654296875,11614.7783203125,12613.572265625,12058.8095703125,11991.9189453125,10715.720703125,10833.376953125,12376.0908203125,12851.1015625,12633.0146484375,11908.806640625,13139.20703125,11354.3984375,8202.3466796875,12163.171875,13411.2119140625,10028.7939453125,13445.6865234375,12759.55859375,11631.2421875,12955.650390625,10414.6298828125,11298.935546875,11761.5810546875,9016.6962890625,10421.9775390625,12834.3095703125,13115.1640625,11904.283203125,10792.537109375,10646.08984375,10810.1171875,10486.146484375,10016.486328125,9051.013671875,11715.541015625,12187.7001953125,12225.201171875,13069.4169921875,12883.841796875,13315.5283203125,10487.5166015625,13074.0869140625,9150.296875,12512.3662109375,13417.1640625,8740.787109375,9354.26953125,13943.1318359375,13201.8662109375,12233.0078125,12388.1376953125,10665.1494140625,7931.1259765625,7897.296875,12187.0625,12453.3642578125,10816.791015625,6365.6455078125,8543.9384765625,10358.5654296875,11119.7421875,10871.451171875,11375.10546875,12515.3955078125
13521.6044921875,12805.2646484375,13346.787109375,13152.0126953125,12663.5078125,13565.734375,14233.9658203125,12304.9375,13599.8310546875,12090.0068359375,12681.1259765625,12630.2021484375,13819.2265625,14510.451171875,10200.5859375,12090.1884765625,11255.6640625,11852.3486328125,13614.76171875,11501.9091796875,12902.0947265625,11383.3828125,11473.890625,11423.73828125,13151.37109375,14413.5869140625,12859.826171875,13699.095703125,11378.111328125,13614.79296875,12718.40625,12171.1640625,12179.9150390625,11526.8427734375,8517.1845703125,11114.638671875,11605.6865234375,12267.2998046875,11704.9208984375,12628.9921875,11504.306640625,13796.3671875,12019.7119140625,13625.0341796875,9600.5810546875,11214.384765625,11925.931640625,12497.396484375,11344.1455078125,11713.7958984375,10485.052734375,10486.8134765625,10830.8818359375,11090.4658203125,11851.63671875,12251.7470703125,11368.2373046875,12230.2685546875,12989.375,13050.7578125,12306.177734375,9932.5830078125,15035.998046875,10496.0185546875,9925.0810546875,11015.8583984375,11814.4091796875,12283.80078125,9490.9521484375,13067.40234375,12444.6083984375,3815.02954101562,12690.43359375,10697.0595703125,10212.9375,11133.544921875,11526.6142578125,13250.388671875,10374.982421875,12719.474609375,4876.03076171875,12543.9169921875,11076.43359375,13057.0546875,12846.580078125,9859.341796875,11415.845703125,12005.5234375,13653.9794921875,12275.65234375,9657.9140625,12406.37109375,11509.3876953125,10766.4189453125,12027.8046875,11888.71484375,11973.4248046875,11594.388671875,12602.306640625,12051.8701171875,11976.8837890625,10672.6875,10775.16796875,12363.87109375,12920.8310546875,12702.1015625,12017.2958984375,13124.4404296875,11326.0810546875,8197.1015625,12189.1328125,13412.318359375,10013.4609375,13428.380859375,12745.6435546875,11581.0458984375,13023.548828125,10406.208984375,11309.697265625,11778.01171875,9014.7119140625,10384.2099609375,12759.009765625,13147.31640625,11903.4814453125,10769.87890625,10641.90625,10804.4013671875,10500.396484375,10046.474609375,9072.26171875,11724.072265625,12211.87890625,12231.703125,13053.8701171875,12906.5263671875,13307.6796875,10512.169921875,13079.88671875,9143.46875,12631.39453125,13409.7333984375,8821.748046875,9374.9384765625,13940.404296875,13115.1533203125,12338.591796875,12411.0849609375,10668.9921875,7966.7138671875,7916.47705078125,12224.6376953125,12501.912109375,10828.1875,6344.36572265625,8551.357421875,10409.5859375,11171.4453125,10894.6513671875,11464.3115234375,12471.3564453125
13546.2353515625,12854.265625,13355.126953125,13202.3251953125,12679.126953125,13648.6953125,14297.5625,12290.9140625,13634.6884765625,12100.7998046875,12652.193359375,12586.7548828125,13819.41796875,14557.990234375,10227.8935546875,12119.8916015625,11307.3720703125,11847.150390625,13682.451171875,11502.2021484375,12930.712890625,11389.8056640625,11525.22265625,11366.2685546875,13197.009765625,14424.4033203125,12881.1181640625,13689.10546875,11359.7763671875,13610.1982421875,12729.6171875,12121.8447265625,12090.443359375,11499.2373046875,8480.3896484375,11113.876953125,11609.8095703125,12243.7978515625,11666.0615234375,12574.4365234375,11442.4912109375,13791.6533203125,11988.7734375,13639.1748046875,9552.5654296875,11277.94140625,11905.8212890625,12455.353515625,11353.357421875,11680.2880859375,10490.0458984375,10488.2421875,10822.2197265625,11077.1728515625,11878.38671875,12255.1923828125,11325.2421875,12210.3427734375,12963.9990234375,12964.5185546875,12284.0576171875,9879.11328125,15045.3486328125,10466.841796875,9918.2900390625,10981.1640625,11775.615234375,12243.9599609375,9491.5751953125,13072.25,12430.4912109375,3811.0341796875,12730.4404296875,10677.13671875,10215.970703125,11131.3701171875,11532.1416015625,13264.7216796875,10360.470703125,12676.9423828125,4905.2275390625,12599.1015625,11061.462890625,13061.537109375,12863.4404296875,9815.3837890625,11389.935546875,12025.0478515625,13714.505859375,12264.7275390625,9644.4560546875,12346.4560546875,11523.8984375,10768.2314453125,12016.4365234375,11925.927734375,11924.7548828125,11555.9658203125,12583.8681640625,12061.2958984375,11952.3916015625,10632.23046875,10709.0517578125,12382.6064453125,12992.830078125,12742.8681640625,12118.3203125,13092.41015625,11293.705078125,8222.318359375,12216.2265625,13364.677734375,10021.1298828125,13363.13671875,12741.6962890625,11501.544921875,13102.916015625,10414.6865234375,11346.7421875,11798.4931640625,9006.345703125,10365.251953125,12672.5185546875,13184.3447265625,11887.8828125,10738.455078125,10635.0390625,10832.57421875,10506.4609375,10066.7060546875,9079.4609375,11731.4169921875,12197.5673828125,12229.2333984375,13042.6689453125,12889.4453125,13323.7880859375,10524.5234375,13088.40625,9108.5390625,12638.3388671875,13368.6728515625,8900.3095703125,9381.443359375,13900.9560546875,13019.2119140625,12418.2744140625,12390.75,10691.6630859375,7997.4521484375,7922.98779296875,12284.3779296875,12523.01953125,10854.1220703125,6313.5029296875,8564.814453125,10433.7138671875,11227.3896484375,10897.388671875,11546.2333984375,12431.740234375
13580.5263671875,12892.8564453125,13361.28515625,13254.1953125,12708.15625,13642.7900390625,14254.85546875,12275.056640625,13646.3466796875,12136.119140625,12653.3701171875,12572.474609375,13775.4560546875,14526.0673828125,10205.9453125,12113.04296875,11298.9423828125,11858.87890625,13692.0234375,11493.791015625,12932.5048828125,11378.6396484375,11549.654296875,11306.9658203125,13210.1171875,14466.478515625,12922.0439453125,13721.1787109375,11353.8984375,13635.541015625,12765.9345703125,12094.005859375,12008.7734375,11439.1015625,8484.955078125,11114.3984375,11631.8310546875,12267.3291015625,11641.509765625,12573.9365234375,11425.7939453125,13818.8095703125,11997.4501953125,13687.2109375,9549.8671875,11324.7958984375,11926.00390625,12467.4521484375,11366.353515625,11637.4404296875,10498.25390625,10498.2158203125,10803.185546875,11073.8154296875,11920.6953125,12268.482421875,11302.9052734375,12194.4775390625,12913.931640625,12981.0341796875,12252.599609375,9849.88671875,15077.802734375,10470.6220703125,9894.912109375,10965.0185546875,11771.78125,12193.8515625,9450.1103515625,13064.4345703125,12450.599609375,3805.7314453125,12706.6494140625,10663.017578125,10245.21484375,11172.888671875,11545.48046875,13279.5205078125,10370.880859375,12652.5859375,4863.087890625,12772.794921875,11051.5234375,13082.2275390625,12854.79296875,9757.19140625,11386.7734375,11997.236328125,13713.5546875,12251.916015625,9661.7958984375,12320.3779296875,11528.2822265625,10785.0556640625,11994.6220703125,11918.0771484375,11921.390625,11527.81640625,12550.140625,12077.0185546875,11939.3466796875,10632.7236328125,10670.1640625,12416.5908203125,13016.3427734375,12734.5810546875,12122.6181640625,13061.92578125,11296.1748046875,8262.6875,12224.0888671875,13292.1220703125,10048.3798828125,13301.2724609375,12754.0478515625,11436.64453125,13119.646484375,10439.3623046875,11395.583984375,11809.8330078125,8989.59765625,10378.3310546875,12632.6630859375,13166.0283203125,11859.5029296875,10738.6728515625,10632.65625,10880.1015625,10508.732421875,10061.5869140625,9053.3232421875,11732.60546875,12154.1689453125,12213.333984375,13040.49609375,12844.759765625,13325.78515625,10515.0556640625,13090.4951171875,9068.9921875,12544.8662109375,13313.0078125,8924.607421875,9364.2978515625,13850.427734375,12981.1376953125,12400.8828125,12343.9521484375,10707.27734375,8004.087890625,7916.65380859375,12328.71875,12513.8876953125,10874.455078125,6291.2783203125,8578.6845703125,10413.0439453125,11237.65234375,10891.1455078125,11564.0517578125,12430.3115234375
13598.65625,12882.62890625,13333.82421875,13269.998046875,12714.388671875,13559.3203125,14140.9609375,12280.20703125,13621.9140625,12141.58203125,12673.384765625,12585.7314453125,13724.4287109375,14444.5693359375,10144.4521484375,12063.23828125,11210.8271484375,11880.0654296875,13623.4560546875,11467.9248046875,12899.6484375,11344.6142578125,11515.3125,11271.7265625,13166.6328125,14503.2998046875,12954.369140625,13745.02734375,11362.9501953125,13670.173828125,12783.7470703125,12105.8818359375,11976.6669921875,11380.0087890625,8529.75390625,11108.9453125,11656.4013671875,12306.6220703125,11651.6865234375,12602.314453125,11464.4619140625,13853.9833984375,12010.1728515625,13724.3232421875,9605.7939453125,11308.5517578125,11954.28515625,12516.181640625,11360.0986328125,11594.416015625,10492.8876953125,10496.001953125,10780.6845703125,11063.5078125,11955.0048828125,12272.5791015625,11317.5654296875,12187.3798828125,12883.5908203125,13065.9384765625,12229.970703125,9848.59765625,15098.447265625,10518.125,9876.5185546875,10984.4345703125,11805.2861328125,12157.6455078125,9403.7119140625,13042.2841796875,12490.099609375,3802.841796875,12617.7275390625,10657.3564453125,10285.5810546875,11224.349609375,11555.0185546875,13265.6220703125,10403.390625,12639.6064453125,4774.2255859375,12919.9169921875,11047.4658203125,13111.5712890625,12806.1357421875,9720.5546875,11414.5556640625,11945.7216796875,13654.837890625,12252.9501953125,9700.3779296875,12366.09375,11519.0654296875,10798.244140625,11978.2685546875,11847.3310546875,11949.3662109375,11528.5439453125,12504.7109375,12075.103515625,11948.8798828125,10678.7119140625,10658.6025390625,12420.0234375,12970.9384765625,12689.203125,12004.8662109375,13046.70703125,11336.6103515625,8278.814453125,12207.08203125,13248.791015625,10065.4453125,13291.1103515625,12767.205078125,11420.6328125,13039.7705078125,10462.1064453125,11424.5595703125,11799.1220703125,8968.01171875,10396.13671875,12663.5068359375,13088.17578125,11830.388671875,10784.970703125,10634.0546875,10903.2734375,10508.060546875,10030.8486328125,9004.6044921875,11722.0576171875,12116.18359375,12185.173828125,13045.611328125,12791.3330078125,13286.654296875,10486.9052734375,13086.794921875,9056.314453125,12448.7255859375,13277.5068359375,8882.517578125,9329.8466796875,13820.822265625,13016.5126953125,12290.7490234375,12310.630859375,10701.7890625,7981.13916015625,7901.72265625,12326.2373046875,12496.912109375,10875.6591796875,6297.57763671875,8584.45703125,10371.6494140625,11194.1044921875,10890.5556640625,11505.7822265625,12461.8359375
13584.94140625,12819.91796875,13256.03515625,13238.970703125,12684.3173828125,13474.7470703125,14058.8564453125,12305.9775390625,13570.376953125,12081.8515625,12690.3671875,12602.1005859375,13705.3408203125,14385.5078125,10094.0322265625,12002.91015625,11093.828125,11905.4765625,13522.4130859375,11433.341796875,12850.212890625,11306.3095703125,11437.578125,11270.7666015625,13084.0546875,14501.595703125,12946.876953125,13723.8701171875,11380.97265625,13680.994140625,12747.193359375,12165.6201171875,11998.2783203125,11363.927734375,8565.84765625,11088.5029296875,11651.8525390625,12313.1494140625,11675.9580078125,12616.1044921875,11519,13873.48828125,11993.3349609375,13721.9560546875,9678.265625,11243.2099609375,11946.4306640625,12550.2685546875,11332.400390625,11575.04296875,10465.6484375,10478.0458984375,10763.904296875,11041.6865234375,11958.7333984375,12254.4453125,11350.9404296875,12176.8681640625,12893.4482421875,13123.79296875,12227.71484375,9846.8515625,15078.4013671875,10570.3935546875,9881.6220703125,11018.310546875,11845.8740234375,12144.3154296875,9396.326171875,13007.3193359375,12517.982421875,3807.97607421875,12496.9208984375,10654.310546875,10306.787109375,11244.67578125,11539.802734375,13218.6474609375,10419.98828125,12608.2666015625,4707.09716796875,12903.6796875,11052.2041015625,13138.013671875,12726.81640625,9722.884765625,11459.0078125,11916.6904296875,13576.1123046875,12270.5283203125,9735.662109375,12460.8076171875,11496.0166015625,10767.4580078125,11987.380859375,11752.7314453125,11972.16015625,11546.865234375,12462.5390625,12047.197265625,11971.5634765625,10730.77734375,10647.615234375,12362.7783203125,12882.5810546875,12639.5087890625,11839.662109375,13035.4443359375,11371.669921875,8253.4248046875,12172.4541015625,13253.0380859375,10046.8115234375,13319.2314453125,12744.677734375,11444.2333984375,12907.4560546875,10460.9970703125,11409.7001953125,11766.3154296875,8949.556640625,10382.634765625,12734.3115234375,13008.2890625,11813.0087890625,10838.0400390625,10627.6728515625,10873.9365234375,10500.6875,9989.7197265625,8969.646484375,11695.689453125,12110.873046875,12150.7109375,13051.201171875,12733.4609375,13225.322265625,10455.2744140625,13087.0439453125,9076.1767578125,12403.2451171875,13279.7890625,8812.41796875,9293.341796875,13813.1533203125,13067.8173828125,12168.1044921875,12308.5595703125,10691.52734375,7941.80517578125,7880.13232421875,12284.6484375,12493.349609375,10860.1357421875,6332.16357421875,8574.8818359375,10349.7060546875,11138.4970703125,10888.1708984375,11419.5166015625,12482.90234375
13546.888671875,12745.7607421875,13154.5146484375,13183.4658203125,12643.541015625,13448.0810546875,14062.7646484375,12325.7548828125,13520.4990234375,11986.3984375,12691.8671875,12597.7216796875,13716.61328125,14388.916015625,10092.6533203125,11980.025390625,11029.333984375,11934.25390625,13460.689453125,11409.1875,12808.0908203125,11285.302734375,11366.2724609375,11294.9921875,13010.1279296875,14465.6416015625,12897.4345703125,13677.337890625,11399.2548828125,13662.296875,12673.4208984375,12252.4541015625,12036.9462890625,11403.208984375,8550.7109375,11059.751953125,11600.6953125,12281.265625,11681.2451171875,12601.4873046875,11543.8359375,13875.0859375,11964.4658203125,13695.5546875,9711.1318359375,11183.75390625,11897.6337890625,12545.4384765625,11307.28125,11600.6953125,10433.431640625,10459.3759765625,10762.8193359375,11020.0673828125,11931.7041015625,12221.2958984375,11367.9873046875,12159.5185546875,12918.3466796875,13107.236328125,12239.990234375,9827.5166015625,15026.91796875,10573.6435546875,9907.8740234375,11031.8330078125,11857.560546875,12150.068359375,9431.7099609375,12970.71875,12519.9248046875,3820.39379882812,12394.2666015625,10650.52734375,10289.251953125,11227.3125,11497.7998046875,13171.5908203125,10389.6767578125,12551.9990234375,4709.53271484375,12737.3935546875,11067.9775390625,13147.0107421875,12649.384765625,9757.53125,11495.2275390625,11933.9814453125,13513.0322265625,12287.8916015625,9745.251953125,12537.1435546875,11464.619140625,10685.673828125,12023.359375,11700.9638671875,11972.3095703125,11554.8642578125,12440.2724609375,12016.994140625,11988.908203125,10742.5048828125,10623.1953125,12268.71875,12798.1142578125,12610.9521484375,11742.4541015625,13002.4697265625,11358.5419921875,8217.12890625,12130.0927734375,13257.5341796875,10001.6884765625,13328.0390625,12662.849609375,11471.107421875,12808.9248046875,10434.0234375,11356.1962890625,11727.8662109375,8942.69921875,10338.283203125,12786.4453125,12977.6435546875,11807.0341796875,10836.1806640625,10603.2001953125,10811.0869140625,10486.8203125,9959.0595703125,8976.3046875,11655.2265625,12135.2861328125,12119.8544921875,13046.1640625,12673.08203125,13183.08203125,10438.88671875,13094.26171875,9102.994140625,12359.4873046875,13303.203125,8767.0458984375,9265.9013671875,13801.2431640625,13059.8916015625,12117.7265625,12315.0927734375,10700.3994140625,7909.9892578125,7855.60205078125,12242.255859375,12503.767578125,10838.2158203125,6367.974609375,8551.490234375,10360.7724609375,11114.046875,10863.62890625,11369.6904296875,12457.107421875
13509.3251953125,12707.8935546875,13085.951171875,13132.76953125,12627.7451171875,13465.2568359375,14091.1064453125,12315.39453125,13505.162109375,11931.2470703125,12681.6689453125,12572.8671875,13723.919921875,14423.98046875,10125.0546875,12017.1259765625,11054.84375,11957.4287109375,13469.935546875,11406.4658203125,12782.62890625,11284.00390625,11341.3828125,11328.3427734375,12980.3642578125,14425.7529296875,12840.3515625,13659.1845703125,11413.357421875,13639.2158203125,12618.8154296875,12315.8076171875,12053.4619140625,11469.7373046875,8498.294921875,11048.681640625,11527.3408203125,12255.4931640625,11665.423828125,12578.970703125,11533.787109375,13868.3896484375,11971.212890625,13677.228515625,9690.900390625,11167.3671875,11850.173828125,12525.326171875,11308.35546875,11666.84765625,10429.19140625,10449.9560546875,10782.681640625,11012.1171875,11900.263671875,12193.30859375,11352.265625,12157.8076171875,12916.0546875,13059.2734375,12250.53515625,9812.98046875,14983.2470703125,10519.677734375,9935.703125,11017.4248046875,11831.1484375,12168.2001953125,9468.5048828125,12950.767578125,12509.2041015625,3831.16235351562,12349.5263671875,10650.6123046875,10242.1806640625,11200.0810546875,11458.2900390625,13164.90234375,10330.1552734375,12509.4091796875,4767.11083984375,12567.3056640625,11091.6064453125,13128.1376953125,12608.705078125,9808.5859375,11506.78125,11978.1591796875,13479.9130859375,12283.6181640625,9722.435546875,12545.20703125,11437.2021484375,10605.0849609375,12062.41796875,11725.916015625,11966.6630859375,11540.470703125,12450.294921875,12019.0234375,11993.38671875,10707.572265625,10606.05078125,12202.220703125,12747.8505859375,12602.90234375,11768.4111328125,12942.66796875,11305.59765625,8216.5966796875,12089.7548828125,13205.1904296875,9969.0234375,13290.080078125,12546.14453125,11484.3193359375,12797.4853515625,10406.685546875,11295.634765625,11705.7890625,8952.6064453125,10303.2841796875,12783.927734375,12986.2119140625,11800.720703125,10760.2724609375,10567.662109375,10763.158203125,10473.66015625,9953.4921875,9015.6875,11613.0087890625,12162.8291015625,12105.6884765625,13021.521484375,12631.9404296875,13175.6669921875,10448.5859375,13096.8623046875,9110.3583984375,12255.0693359375,13316.8662109375,8767.6494140625,9251.1259765625,13769.2158203125,12981.2294921875,12156.82421875,12297.78515625,10725.2529296875,7905.75927734375,7840.04296875,12224.984375,12514.318359375,10817.6796875,6373.78759765625,8528.5166015625,10381.451171875,11120.4677734375,10818.240234375,11377.4033203125,12397.892578125
13495.3857421875,12715.9228515625,13092.7109375,13098.4462890625,12644.697265625,13470.59375,14040.1220703125,12279.93359375,13539.6064453125,11970.306640625,12670.50390625,12552.4091796875,13706.5419921875,14428.0673828125,10144.7216796875,12090.28515625,11134.720703125,11955.2802734375,13518.2509765625,11421.6201171875,12771.5166015625,11291.1748046875,11363.5361328125,11361.1591796875,12990.4169921875,14400.1484375,12816.4208984375,13697.236328125,11424.7890625,13632.2373046875,12620.296875,12313.037109375,12046.3037109375,11523.4638671875,8465.580078125,11077.0673828125,11487.388671875,12273.84375,11659.0283203125,12570.021484375,11521.580078125,13855.365234375,12025.666015625,13673.701171875,9656.4970703125,11184.978515625,11848.5869140625,12521.345703125,11333.60546875,11742.5712890625,10470.3486328125,10444.5556640625,10816.95703125,11021.9931640625,11895.716796875,12184.947265625,11321.322265625,12197.5185546875,12874.8505859375,13046.6015625,12250.40625,9839.05859375,14975.716796875,10460.8662109375,9947.830078125,11002.1533203125,11791.2890625,12192.025390625,9464.6904296875,12957.6904296875,12504.6796875,3832.64965820312,12368.1142578125,10659.30859375,10197.5439453125,11188.390625,11457.0771484375,13204.728515625,10295.767578125,12527.7744140625,4826.85205078125,12521.1123046875,11113.2314453125,13086.5107421875,12618.51171875,9863.5390625,11494.6494140625,12010.1982421875,13478.021484375,12252.0751953125,9679.2177734375,12492.720703125,11425.0078125,10590.734375,12076.525390625,11800.4462890625,11979.8974609375,11521.2138671875,12500.0595703125,12059.7001953125,11994.892578125,10665.625,10628.2919921875,12212.0732421875,12733.5166015625,12595.595703125,11869.3408203125,12888.3857421875,11264.87890625,8258.3876953125,12063.7626953125,13110.412109375,9979.7978515625,13244.4208984375,12455.068359375,11502.587890625,12853.404296875,10408.984375,11261.5947265625,11710.9296875,8978.625,10313.6123046875,12742.2734375,12988.6083984375,11789.119140625,10662.7626953125,10545.7373046875,10761.3466796875,10466.7626953125,9974.07421875,9051.3984375,11589.5283203125,12168.4755859375,12118.392578125,12984.8056640625,12640.1591796875,13185.6083984375,10480.36328125,13084.2998046875,9100.7685546875,12124.470703125,13311.5234375,8792.6494140625,9251.8701171875,13732.1318359375,12905.1826171875,12228.6494140625,12256.91796875,10735.9287109375,7932.67919921875,7847.22265625,12219.763671875,12515.9599609375,10803.2822265625,6346.6455078125,8524.3203125,10384.037109375,11124.7353515625,10789.95703125,11407.7626953125,12358.7236328125
13509.6669921875,12739.865234375,13168.7890625,13077.599609375,12672.873046875,13440.4091796875,13900.2783203125,12246.2197265625,13606.53515625,12082.900390625,12664.2265625,12561.353515625,13682.7490234375,14379.0068359375,10131.4453125,12148.3408203125,11205.17578125,11918.9501953125,13551.859375,11445.734375,12776.30078125,11304.0595703125,11405.0126953125,11389.759765625,13011.580078125,14381.6923828125,12834.845703125,13764.7421875,11435.7724609375,13632.486328125,12660.041015625,12256.9091796875,12049.1591796875,11548.9091796875,8491.796875,11134.478515625,11519.1318359375,12318.052734375,11682.7890625,12574.5908203125,11533.544921875,13832.4521484375,12080.5322265625,13665.2021484375,9652.8720703125,11207.0751953125,11892.98046875,12529.8408203125,11361.5712890625,11796.716796875,10536.8935546875,10442.5859375,10847.5849609375,11048.28125,11924.2734375,12196.1806640625,11306.716796875,12267.1611328125,12827.32421875,13076.1953125,12246.2998046875,9905.44921875,14992.5791015625,10456.0205078125,9942.3779296875,11012.7109375,11772.357421875,12213.03125,9422.4482421875,12981.2763671875,12505.216796875,3828.77465820312,12416.2978515625,10670.978515625,10185.625,11189.72265625,11498.5810546875,13255.5830078125,10319.572265625,12606.0234375,4854.365234375,12594.5810546875,11121.2451171875,13044.6953125,12664.0029296875,9912.2841796875,11472.23828125,12011.2060546875,13506.4716796875,12208.078125,9639.4658203125,12422.978515625,11425.4765625,10648.8349609375,12060.3525390625,11867.4404296875,12011.8017578125,11522.4033203125,12586.1220703125,12105.947265625,12007.6953125,10659.4736328125,10691.623046875,12288.0732421875,12744.2060546875,12574.697265625,11949.208984375,12880.6787109375,11274.0068359375,8296.81640625,12061.9150390625,13059.076171875,10026.203125,13246.7275390625,12428.2255859375,11544.7255859375,12912.65234375,10442.1826171875,11266.908203125,11735.5966796875,9013.0546875,10360.7705078125,12710.740234375,12972.994140625,11786.5810546875,10624.30078125,10559.0341796875,10794.908203125,10462.564453125,10007.962890625,9056.7001953125,11598.77734375,12147.5087890625,12153.6845703125,12967.0537109375,12694.6552734375,13199.830078125,10517.720703125,13069.2265625,9098.2529296875,12073.37109375,13309.0283203125,8805.9453125,9272.177734375,13714.1923828125,12921.6103515625,12258.583984375,12228.0908203125,10712.29296875,7973.76318359375,7876.55615234375,12197.787109375,12511.8369140625,10800.6904296875,6317.05078125,8544.2001953125,10371.5302734375,11107.603515625,10824.291015625,11415.7109375,12376.673828125
13536.1484375,12749.384765625,13263.2626953125,13070.4267578125,12692.9951171875,13408.1708984375,13788.3193359375,12231.376953125,13661.5224609375,12188.4287109375,12661.8544921875,12598.6328125,13682.9501953125,14319.0029296875,10113.1748046875,12154.96875,11237.630859375,11872.05859375,13551.2353515625,11471.015625,12801.125,11331.623046875,11441.630859375,11406.509765625,13025.712890625,14363.064453125,12867.7275390625,13812.0673828125,11442.7421875,13620.44921875,12691.91796875,12214.51171875,12087.62890625,11559.556640625,8560.6435546875,11181.1875,11603.0810546875,12334.208984375,11716.185546875,12583.2373046875,11558.1279296875,13808.90625,12081.4501953125,13642.2216796875,9682.7685546875,11220.84765625,11940.408203125,12524.044921875,11377.0322265625,11820.8828125,10585.2265625,10463.6298828125,10856.86328125,11090.1748046875,11958.4052734375,12219.263671875,11321.0234375,12313.40234375,12815.2314453125,13097.6494140625,12249.6533203125,9966.1513671875,14997.0888671875,10505.6328125,9927.7607421875,11041.65234375,11787.4794921875,12223.7216796875,9383.775390625,12998.3779296875,12493.119140625,3831.451171875,12444.5048828125,10671.7138671875,10212.103515625,11187.2939453125,11548.5380859375,13276.0517578125,10374.2421875,12685.259765625,4858.5966796875,12689.7841796875,11111.1083984375,13026.7998046875,12713.01953125,9943.2265625,11455.306640625,11994.56640625,13556.560546875,12173.322265625,9625.4130859375,12365.1748046875,11420.9755859375,10715.431640625,12033.154296875,11891.2998046875,12038.2548828125,11545.21875,12682.455078125,12118.1103515625,12033.2548828125,10690.14453125,10756.1943359375,12372.583984375,12771.6875,12548.8466796875,11956.6298828125,12922.47265625,11315.8779296875,8284.8037109375,12079.6357421875,13111.521484375,10070.337890625,13295.9609375,12441.890625,11590.279296875,12927.87109375,10473.625,11301.150390625,11761.490234375,9042.328125,10400.5185546875,12726.3095703125,12979.1142578125,11812.802734375,10678.580078125,10603.1767578125,10829.9287109375,10454.298828125,10035.138671875,9038.607421875,11631.4853515625,12114.7333984375,12187.7890625,13003.177734375,12742.880859375,13231.8134765625,10542.0869140625,13083.6279296875,9113.47265625,12141.7294921875,13333.0732421875,8790.4072265625,9306.6884765625,13716.640625,13043.5546875,12213.771484375,12240.7412109375,10671.8603515625,7999.9482421875,7907.7763671875,12159.4384765625,12507.619140625,10813.5498046875,6316.3603515625,8572.640625,10372.7998046875,11083.1904296875,10928.20703125,11396.404296875,12430.6796875
13551.33203125,12743.474609375,13313.61328125,13081.5185546875,12707.11328125,13416.3046875,13822.5361328125,12226.9130859375,13661.2001953125,12213.4638671875,12661.7783203125,12636.2021484375,13707.095703125,14304.8603515625,10125.8115234375,12114.8701171875,11248.8935546875,11856.9345703125,13539.423828125,11485.4150390625,12831.7099609375,11371.150390625,11468.4638671875,11398.9033203125,13035.80078125,14359.4248046875,12882.4365234375,13818.0791015625,11436.2666015625,13599.693359375,12693.216796875,12243.0224609375,12144.5283203125,11568.5244140625,8623.951171875,11184.1123046875,11675.1181640625,12298.4111328125,11719.3876953125,12596.26171875,11563.009765625,13807.0791015625,12031.453125,13625.185546875,9710.15234375,11232.62109375,11949.04296875,12500.7626953125,11381.203125,11823.669921875,10585.734375,10523.375,10842.1826171875,11142.419921875,11961.6435546875,12247.306640625,11346.4638671875,12289.6796875,12844.7958984375,13077.4736328125,12260.0859375,9975.4453125,14970.8916015625,10551.7451171875,9910.4677734375,11056.5078125,11819.86328125,12223.6279296875,9383.5712890625,12995.2314453125,12461.2568359375,3844.501953125,12424.9736328125,10653.943359375,10254.021484375,11178.271484375,11567.7001953125,13258.4853515625,10399.1064453125,12702.7236328125,4863.23876953125,12736.220703125,11091.0693359375,13037.5869140625,12734.8369140625,9949.0810546875,11454.58203125,11981.6943359375,13603.724609375,12161.1435546875,9642.9765625,12319.537109375,11395.994140625,10723.8427734375,12014.0908203125,11874.6826171875,12041.4091796875,11563.099609375,12742.146484375,12091.8076171875,12057.0087890625,10718.564453125,10774.5126953125,12412.0615234375,12806.1591796875,12542.6923828125,11919.1689453125,12969.3984375,11341.5986328125,8229.4794921875,12097.3515625,13218.9130859375,10081.6015625,13332.513671875,12439.9306640625,11593.4453125,12900.376953125,10470.4541015625,11343.98046875,11773.9345703125,9052.1787109375,10397.8173828125,12782.8818359375,13039.7880859375,11864.3935546875,10781.416015625,10647.7568359375,10843.7529296875,10443.5419921875,10040.0625,9023.62890625,11656.220703125,12090.82421875,12191.4619140625,13093.6728515625,12727.6015625,13290.5576171875,10544.0439453125,13144.048828125,9126.1689453125,12237.009765625,13375.806640625,8754.404296875,9331.93359375,13719.587890625,13184.9970703125,12117.669921875,12282.22265625,10652.0498046875,7989.1826171875,7917.59619140625,12142.45703125,12502.3720703125,10836.322265625,6340.5322265625,8587.1015625,10405.0107421875,11069.8056640625,11054.828125,11383.525390625,12463.0048828125
13541.6650390625,12738.173828125,13284.6357421875,13103.3349609375,12721.345703125,13460.2470703125,13980.60546875,12217.5791015625,13596.7109375,12149.1083984375,12665.7353515625,12646.205078125,13723.0078125,14343.9140625,10162.76953125,12062.55859375,11257.046875,11890.875,13541.7548828125,11471.4111328125,12829.3447265625,11393.396484375,11488.2607421875,11364.2978515625,13045.5302734375,14392.4248046875,12874.814453125,13803.81640625,11409.7783203125,13596.478515625,12680.5498046875,12325.3330078125,12175.0595703125,11565.005859375,8651.76171875,11147.0546875,11685.0390625,12245.455078125,11682.966796875,12617.86328125,11537.0166015625,13835.1015625,11987.44921875,13637.107421875,9706.33203125,11244.2626953125,11916.3662109375,12493.3828125,11377.037109375,11809.2001953125,10545.837890625,10594.0361328125,10818.4794921875,11187.06640625,11925.009765625,12273.5927734375,11355.32421875,12208.728515625,12882.353515625,13043.6376953125,12264.3115234375,9935.9296875,14937.6201171875,10544.044921875,9892.5986328125,11039.8876953125,11842.6083984375,12218.1201171875,9414.3359375,12980.0224609375,12428.130859375,3854.18334960938,12372.826171875,10627.1416015625,10277.6328125,11176.6171875,11549.4912109375,13230.8154296875,10365.720703125,12651.6005859375,4869.21240234375,12745.294921875,11077.8828125,13059.06640625,12715.7626953125,9936.216796875,11471.3515625,11974.5947265625,13620.662109375,12172.6298828125,9675.9365234375,12286.802734375,11356.4189453125,10675.4560546875,12002.5205078125,11834.806640625,12029.4140625,11551.5712890625,12726.4853515625,12060.72265625,12061.3671875,10710.2578125,10734.9208984375,12396.291015625,12827.3056640625,12572.2939453125,11894.0634765625,12974.4345703125,11325.7919921875,8185.5791015625,12099.1337890625,13262.84765625,10062.04296875,13311.845703125,12403.076171875,11539.1689453125,12862.43359375,10436.8369140625,11376.779296875,11768.875,9035.4345703125,10357.2138671875,12842.2998046875,13122.98828125,11907.57421875,10853.580078125,10662.236328125,10837.466796875,10440.0009765625,10022.0634765625,9024.46484375,11645.3681640625,12089.361328125,12156.275390625,13187.5458984375,12651.91015625,13341.45703125,10527.4091796875,13222.30859375,9108.8115234375,12237.296875,13401.8203125,8714.953125,9319.326171875,13713.8583984375,13236.6015625,12022.5224609375,12311.9951171875,10668.291015625,7944.51220703125,7901.92822265625,12178.7626953125,12493.9267578125,10856.2734375,6353.0849609375,8580.9658203125,10450.1298828125,11058.68359375,11135.140625,11402.2353515625,12441.478515625
13512.07421875,12737.2822265625,13192.365234375,13112.33984375,12722.49609375,13494.2890625,14111.8271484375,12208.3095703125,13504.3994140625,12050.7861328125,12675.7216796875,12629.5283203125,13708.6845703125,14389.3623046875,10178.83203125,12029.2919921875,11248.1484375,11941.9580078125,13553.251953125,11423.38671875,12765.6630859375,11366.6904296875,11495.3037109375,11322.4833984375,13044.5078125,14456.416015625,12866.7578125,13800.6806640625,11370.1640625,13624.4326171875,12679.90625,12382.5302734375,12156.3017578125,11529.25390625,8650.064453125,11101.240234375,11641.6591796875,12226.63671875,11643.7841796875,12637.482421875,11505.107421875,13867.5361328125,11994.7783203125,13666.455078125,9681.2509765625,11245.2470703125,11875.7001953125,12528.9716796875,11357.5224609375,11773.2900390625,10496.6552734375,10611.0625,10803.966796875,11200.373046875,11877.9921875,12288.0439453125,11339.205078125,12136.5927734375,12894.396484375,13046.1513671875,12252.8916015625,9891.73046875,14939.103515625,10495.6298828125,9878.9677734375,11011.177734375,11845.7158203125,12209.904296875,9440.03515625,12970.7509765625,12419.998046875,3841.1220703125,12331.443359375,10611.6474609375,10265.228515625,11189.3818359375,11520.771484375,13222.1982421875,10308.9541015625,12582.3623046875,4857.6513671875,12753.3671875,11082.98828125,13069.7177734375,12666.6533203125,9921.2978515625,11495.0556640625,11958.6845703125,13604.0068359375,12200.3310546875,9697.646484375,12289.8017578125,11327.26171875,10633.55078125,11987.9033203125,11782.2158203125,12023.404296875,11516.7548828125,12641.61328125,12056.9609375,12041.1474609375,10672.310546875,10670.7841796875,12353.1923828125,12814.2001953125,12627.1669921875,11900.8984375,12938.3291015625,11289.00390625,8193.4892578125,12090.9970703125,13186.224609375,10035.5908203125,13260.62890625,12372.26171875,11471.2861328125,12840.921875,10410.654296875,11385.4921875,11749.634765625,8997.7373046875,10311.04296875,12871.57421875,13153.9716796875,11907.408203125,10851.587890625,10643.3603515625,10822.78515625,10448.87890625,9995.9130859375,9027.3359375,11604.4033203125,12111.443359375,12107.1474609375,13216.5146484375,12586.8779296875,13328.123046875,10504.142578125,13260.6416015625,9063.3330078125,12143.1708984375,13386.8720703125,8684.6357421875,9264.8466796875,13717.1416015625,13166.47265625,11974.7705078125,12310.5380859375,10699.4736328125,7895.04931640625,7877.978515625,12251.5390625,12489.33203125,10866.5458984375,6327.0048828125,8569.5517578125,10473.9091796875,11030.484375,11127.9052734375,11436.51171875,12392.7158203125
13480.6162109375,12729.8037109375,13098.7421875,13094.3388671875,12689.2265625,13487.55859375,14097.51171875,12221.3173828125,13440.814453125,11988.3662109375,12689.4296875,12615.33203125,13683.4794921875,14397.177734375,10144.7734375,12021.958984375,11197.978515625,11959.134765625,13553.23046875,11366.6123046875,12668.0654296875,11298.0078125,11478.6220703125,11304.9326171875,13025.2216796875,14516.3515625,12874.494140625,13815.4921875,11338.7421875,13662.8740234375,12696.2421875,12358.583984375,12114.994140625,11469.525390625,8636.130859375,11069.47265625,11597.57421875,12252.1044921875,11646.431640625,12634.658203125,11499.1611328125,13867.58203125,12041.8583984375,13674.1298828125,9665.0791015625,11231.5908203125,11862.2626953125,12585.48046875,11319.681640625,11722.9169921875,10461.43359375,10538.5361328125,10803.208984375,11173.6884765625,11860.4404296875,12282.5126953125,11317.0810546875,12128.666015625,12885.6484375,13090.7216796875,12234.1376953125,9876.88671875,14988.4658203125,10464.353515625,9878.5859375,11004.43359375,11843.4716796875,12196.4306640625,9438.5029296875,12973.1298828125,12440.53515625,3803.41040039062,12335.9716796875,10621.1796875,10229.6591796875,11202.841796875,11508.609375,13232.84375,10288.9619140625,12548.6806640625,4825.08203125,12750.9453125,11100.4443359375,13065.515625,12619.236328125,9914.3212890625,11506.7373046875,11929.72265625,13579.8984375,12230.83984375,9694.7197265625,12347.6337890625,11328.2734375,10650.40234375,11973.7890625,11730.7705078125,12031.931640625,11489.1337890625,12542.248046875,12075.2744140625,12007.6796875,10643.171875,10630.1455078125,12315.6640625,12768.771484375,12676.783203125,11912.4921875,12907.80859375,11267.681640625,8235.58984375,12093.8359375,13066.048828125,10019.1572265625,13244.8310546875,12393.8251953125,11451.5380859375,12840.4462890625,10420.720703125,11363.3388671875,11722.13671875,8956.375,10286.8203125,12866.9521484375,13095.328125,11864.5244140625,10797.6611328125,10616.4296875,10808.53515625,10463.8984375,9979.8583984375,9012.6708984375,11571.8515625,12147.2080078125,12083.6630859375,13156.9345703125,12602.376953125,13244.2744140625,10485.2392578125,13223.9150390625,9024.5078125,12084.58203125,13346.1416015625,8675.0146484375,9203.4755859375,13750.345703125,13046.71484375,11996.6494140625,12304.208984375,10717.09375,7874.6513671875,7863.5791015625,12308.2158203125,12501.0458984375,10873.7685546875,6278.38134765625,8570.693359375,10463.41015625,11001.0625,11046.7998046875,11449.9619140625,12370.2353515625
13465.5068359375,12714.6171875,13071.220703125,13070.2919921875,12628.189453125,13458.4033203125,13975.4658203125,12264.2763671875,13441.0830078125,11994.5546875,12700.8701171875,12629.9462890625,13685.9716796875,14375.5673828125,10086.4619140625,12029.9609375,11116.3740234375,11927.384765625,13540.61328125,11345.5078125,12614.5341796875,11238.0078125,11440.0546875,11326.7705078125,13007.3935546875,14544.8271484375,12887.6796875,13829.5595703125,11337.6181640625,13679.6669921875,12717.7578125,12284.7734375,12100.962890625,11431.2919921875,8613.3408203125,11047.9755859375,11591.7607421875,12288.78125,11695.4482421875,12609.16796875,11520.5234375,13830.2568359375,12085.7314453125,13640.4130859375,9667.8056640625,11219.1572265625,11885.1845703125,12609.4951171875,11285.4189453125,11686.1376953125,10440.9970703125,10422.7646484375,10806.439453125,11124.3466796875,11882.29296875,12261.4501953125,11315.5302734375,12175.69140625,12890.859375,13131.3955078125,12226.48828125,9882.115234375,15051.6435546875,10484.4775390625,9893.7646484375,11030.384765625,11855.7802734375,12179.5595703125,9421.75,12975.7666015625,12464.83984375,3764.18090820312,12388.021484375,10651.470703125,10202.6103515625,11200.0810546875,11513.3466796875,13239.4365234375,10327.13671875,12560.6376953125,4798.86376953125,12697.01953125,11110.1787109375,13059.833984375,12608.8935546875,9908.0224609375,11490.884765625,11908.3076171875,13574.9072265625,12247.7900390625,9681.05859375,12433.9814453125,11354.2060546875,10713.2890625,11979.7001953125,11713.94140625,12045.1796875,11490.37890625,12489.23046875,12082.6220703125,11979.7265625,10650.0283203125,10639.09765625,12298.3193359375,12721.8876953125,12695.2001953125,11904.2529296875,12923.3720703125,11274.814453125,8261.2685546875,12116.11328125,13035.849609375,10010.7578125,13291.4775390625,12455.7314453125,11493.59375,12851.3828125,10453.4775390625,11319.306640625,11695.69140625,8931.677734375,10289.9599609375,12844.3701171875,12989.3896484375,11816.6416015625,10747.94140625,10609.4267578125,10801.2646484375,10476.484375,9979.9296875,8981.3408203125,11583.6328125,12181.509765625,12105.3583984375,13056.322265625,12692.263671875,13163.5009765625,10475.150390625,13136.5673828125,9023.470703125,12165.9013671875,13318.2373046875,8700.4892578125,9184.615234375,13805.2529296875,12982.16796875,12081.1357421875,12333.3466796875,10719.21484375,7894.134765625,7858.72802734375,12316.75,12528.0380859375,10887.01953125,6251.34033203125,8582.0029296875,10437.3505859375,11027.857421875,10947.7666015625,11431.806640625,12396.7666015625
13474.849609375,12710.73046875,13127.3095703125,13081.498046875,12583.0810546875,13447.9375,13886.2783203125,12310.8720703125,13496.6796875,12051.8203125,12705.1748046875,12666.814453125,13724.814453125,14370.0986328125,10061.4970703125,12044.6904296875,11050.9814453125,11884.2724609375,13537.298828125,11381.7109375,12664.1328125,11235.0185546875,11402.2080078125,11372.0810546875,13027.3955078125,14550.1015625,12884.4169921875,13824.1953125,11370.63671875,13668.87109375,12737.109375,12246.9541015625,12134.796875,11456.873046875,8577.8212890625,11024.9599609375,11613.38671875,12309.2529296875,11752.5703125,12593.68359375,11538.7646484375,13791.6591796875,12106.6220703125,13591.984375,9668.974609375,11226.1103515625,11926.328125,12577.0595703125,11292.0634765625,11687.5400390625,10427.3876953125,10360.0537109375,10806.31640625,11080.7470703125,11912.85546875,12241.8857421875,11342.400390625,12218.3837890625,12928.96875,13126.373046875,12236.9248046875,9877.197265625,15080.125,10530.55078125,9910.7626953125,11066.533203125,11883.248046875,12173.1689453125,9414.6728515625,12967.767578125,12465.607421875,3751.82080078125,12460.12109375,10684.564453125,10204.7080078125,11186.08203125,11515.7626953125,13225.28515625,10386.4599609375,12591.779296875,4807.61669921875,12591.8701171875,11097.109375,13064.1064453125,12650.205078125,9889.2001953125,11448.7255859375,11920.65234375,13585.6279296875,12241.4423828125,9684.4248046875,12483.3876953125,11382.5859375,10766.3642578125,12013.8779296875,11766.7333984375,12051.2998046875,11511.9560546875,12498.9921875,12060.294921875,11970.029296875,10682.3916015625,10690.455078125,12299.8349609375,12707.7001953125,12679.9609375,11893.0390625,12976.7685546875,11296.7021484375,8247.0029296875,12140.1748046875,13139.2158203125,10004.1982421875,13362.080078125,12500.927734375,11550.46875,12863.7294921875,10469.025390625,11280.779296875,11684.6298828125,8935.3486328125,10310.123046875,12815.0625,12915.8271484375,11800.828125,10738.4501953125,10626.865234375,10808.076171875,10486.935546875,9985.2509765625,8953.98828125,11635.658203125,12201.29296875,12156.2939453125,12990.2568359375,12778.3720703125,13171.2041015625,10472.6728515625,13062.462890625,9054.0888671875,12336.775390625,13323.2216796875,8764.4970703125,9226.072265625,13848.23046875,13014.9853515625,12191.9853515625,12398.669921875,10726.0068359375,7932.58984375,7850.78515625,12296.5263671875,12544.9912109375,10900.10546875,6269.79052734375,8582.5498046875,10418.21875,11148.7880859375,10889.0234375,11409.111328125,12446.9052734375
13504.4892578125,12731.80078125,13212.4892578125,13140.1494140625,12593.30859375,13470.890625,13911.9736328125,12323.26953125,13570.3740234375,12118.48828125,12701.2822265625,12690.388671875,13765.11328125,14406.251953125,10100.96875,12066.9794921875,11041.5751953125,11876.66015625,13553.84375,11446.779296875,12790.96484375,11286.91015625,11393.0087890625,11410.7060546875,13095.7421875,14556.5859375,12862.4560546875,13799.0361328125,11417.08984375,13653.6328125,12753.16015625,12289.216796875,12186.931640625,11534.8212890625,8539.3046875,11007.0078125,11623.60546875,12322.1826171875,11777.8623046875,12620.3505859375,11527.443359375,13787.41796875,12118.7744140625,13572.279296875,9647.978515625,11246.6171875,11957.7529296875,12522.2255859375,11351.728515625,11714.1220703125,10423.2431640625,10401.4853515625,10811.2822265625,11057.4970703125,11911.8876953125,12237.73046875,11379.48828125,12212.3984375,12972.841796875,13082.9501953125,12251.58984375,9855.5263671875,15061.8095703125,10552.8447265625,9908.6953125,11082.4580078125,11902.3466796875,12191.7119140625,9422.771484375,12954.869140625,12441.533203125,3772.60693359375,12519.4716796875,10702.3232421875,10225.216796875,11183.740234375,11503.521484375,13199.216796875,10414.115234375,12619.6904296875,4842.75439453125,12501.8603515625,11068.3701171875,13073.2626953125,12723.3525390625,9859.955078125,11399.9873046875,11966.1396484375,13588.1689453125,12219.0771484375,9715.23046875,12453.1162109375,11399.3427734375,10774.0439453125,12053.0283203125,11881.12890625,12049.2578125,11528.453125,12536.7763671875,12027.8359375,11977.359375,10707.677734375,10757.72265625,12315.6650390625,12732.7998046875,12648.302734375,11914.7763671875,13024.912109375,11318.859375,8217.7275390625,12142.2939453125,13281.103515625,10005.517578125,13405.533203125,12505.1796875,11570.9609375,12874.9052734375,10447.8349609375,11275.7216796875,11701.4150390625,8962.751953125,10333.2001953125,12778.705078125,12920.9560546875,11818.5712890625,10760.2626953125,10649.2783203125,10828.49609375,10498.9140625,9980.0283203125,8946.1533203125,11685.7734375,12201.259765625,12205.01171875,12990.0927734375,12792.3232421875,13266.4111328125,10474.9873046875,13044.796875,9082.5126953125,12447.4638671875,13343.0546875,8839.267578125,9292.9697265625,13857.8984375,13097.2314453125,12273.84765625,12450.353515625,10744.791015625,7957.50830078125,7834.62158203125,12285.001953125,12519.306640625,10892.404296875,6311.3173828125,8558.033203125,10402.6474609375,11314.2265625,10890.3359375,11409.751953125,12483.83203125
13542.1337890625,12759.72265625,13246.2890625,13202.6220703125,12647.1953125,13504.498046875,14000.96875,12294.1435546875,13630.0751953125,12163.5908203125,12690.7841796875,12672.1416015625,13769.38671875,14459.89453125,10181.2666015625,12097.8662109375,11082.27734375,11907.4921875,13567.7568359375,11487.48828125,12901.73828125,11347.1748046875,11421.2412109375,11427.2333984375,13176.1005859375,14564.4833984375,12846.787109375,13767.4267578125,11447.779296875,13652.4453125,12754.9560546875,12363.8203125,12209.5341796875,11599.9501953125,8519.8154296875,11015.88671875,11605.2998046875,12345.533203125,11765.0390625,12675.55859375,11494.8779296875,13809.9306640625,12131.9296875,13591.5283203125,9613.1484375,11254.8447265625,11959.94921875,12496.8984375,11425.9169921875,11720.38671875,10440.9091796875,10500.1240234375,10835.7373046875,11049.5458984375,11870.8974609375,12245.2294921875,11399.51953125,12170.9306640625,12972.603515625,13040.224609375,12251.380859375,9842.0263671875,15034.6201171875,10536.0625,9881.431640625,11067.533203125,11887.3203125,12228.3515625,9428.0927734375,12952.0869140625,12416.4853515625,3806.2216796875,12549.1826171875,10696.583984375,10233.2236328125,11203.173828125,11483.16015625,13184.802734375,10395.12890625,12646.1123046875,4862.5166015625,12495.927734375,11048.76171875,13072.4814453125,12787.001953125,9841.2021484375,11368.7109375,12010.322265625,13578.6953125,12200.6123046875,9750.595703125,12372.6884765625,11411.6708984375,10750.451171875,12062.31640625,11991.8046875,12043.0361328125,11526.8515625,12559.7470703125,12021.03515625,11988.6533203125,10706.5,10813.40625,12342.6728515625,12776.9404296875,12617.3212890625,11970.11328125,13039.4599609375,11340.515625,8207.744140625,12123.59765625,13333.98046875,10026.228515625,13416.8544921875,12515.7861328125,11557.5830078125,12894.7041015625,10412.1845703125,11303.7998046875,11743.298828125,8994.9873046875,10346.822265625,12739.4501953125,12999.0322265625,11842.291015625,10777.8486328125,10656.208984375,10845.96484375,10503.9716796875,9961.005859375,8951.9384765625,11696.5341796875,12184.7744140625,12236.59375,13018.3076171875,12746.8017578125,13353.9892578125,10479.50390625,13066.712890625,9088.26953125,12420.4208984375,13345.080078125,8871.1796875,9327.33984375,13849.927734375,13149.111328125,12279.9765625,12437.94921875,10752.6826171875,7955.00341796875,7820.9423828125,12283.1416015625,12444.447265625,10852.9189453125,6333.7021484375,8519.623046875,10368.0654296875,11399.62109375,10917.845703125,11423.2080078125,12499.359375
13573.9609375,12761.5234375,13205.0029296875,13207.1162109375,12690.859375,13522.20703125,14057.6416015625,12258.3671875,13667.6279296875,12181.1591796875,12677.1904296875,12621.7626953125,13743.2021484375,14488.623046875,10251.2265625,12129.6220703125,11138.44140625,11934.625,13550.890625,11481.390625,12928.8203125,11378.03125,11468.0869140625,11428.3681640625,13220.8662109375,14546.5146484375,12862.33203125,13742.494140625,11451.3232421875,13655.8330078125,12722.908203125,12385.09375,12184.681640625,11593.5986328125,8528.7314453125,11059.521484375,11581.5712890625,12365.6533203125,11736.0849609375,12703.9208984375,11474.8671875,13819.759765625,12126.70703125,13619.53515625,9591.7314453125,11237.8798828125,11931.900390625,12511.9453125,11453.8251953125,11678.4326171875,10483.158203125,10564.201171875,10874.8662109375,11049.484375,11822.013671875,12248.3427734375,11389.6357421875,12142.1328125,12910.7177734375,13021.3359375,12235.07421875,9856.1572265625,15045.7373046875,10509.5029296875,9847.3759765625,11032.9306640625,11838.0419921875,12252.228515625,9414.1220703125,12962.791015625,12412.9921875,3829.28955078125,12555.9541015625,10670.84375,10210.9169921875,11224.74609375,11467.9873046875,13196.0546875,10359.1298828125,12677.75,4837.99365234375,12571.1826171875,11055.7001953125,13055.6201171875,12810.8046875,9849.87890625,11364.3701171875,12014.7490234375,13589.697265625,12197.837890625,9755.16796875,12318.8505859375,11434.5625,10730.6796875,12037.5078125,12025.13671875,12031.6416015625,11516.615234375,12561.1201171875,12051.2001953125,11989.3779296875,10688.0146484375,10838.44140625,12376.1376953125,12823.390625,12589.888671875,12010.1474609375,13032.66015625,11362.33203125,8215.328125,12111.9462890625,13277.8837890625,10061.734375,13427.76171875,12590.6396484375,11557.5498046875,12945.9140625,10397.46484375,11328.955078125,11787.916015625,9011.1083984375,10345.4443359375,12717.404296875,13126.021484375,11851.859375,10765.39453125,10646.478515625,10838.3876953125,10482.3623046875,9942.322265625,8956.5634765625,11674.203125,12160.35546875,12260.5029296875,13018.1357421875,12719.4619140625,13347.91796875,10482.0078125,13072.8779296875,9087.4912109375,12330.9736328125,13318.8701171875,8822.0615234375,9302.125,13857.8564453125,13135.6181640625,12205.5478515625,12368.1357421875,10722.349609375,7940.47265625,7822.8642578125,12252.33203125,12354.615234375,10800.0654296875,6323.29296875,8493.9501953125,10308.0224609375,11307.5556640625,10909.4169921875,11409.86328125,12509.865234375
13591.4638671875,12735.802734375,13155.421875,13142.6171875,12688.7626953125,13523.69140625,14069.2880859375,12257.5166015625,13689.2548828125,12180.009765625,12667.7802734375,12579.869140625,13728.2822265625,14482.0029296875,10278.0810546875,12150.62890625,11192.2861328125,11920.681640625,13513.8515625,11459.1123046875,12898.2578125,11386.759765625,11502.6123046875,11423.720703125,13225.81640625,14490,12902.7470703125,13731.0498046875,11444.6728515625,13643.7021484375,12657.5244140625,12323.39453125,12137.76953125,11522.9775390625,8549.1064453125,11116.2802734375,11584.4765625,12346.0478515625,11712.1279296875,12668.11328125,11488.5126953125,13798.4736328125,12083.482421875,13628.328125,9595.80859375,11213.8759765625,11891.8232421875,12531.7138671875,11411.29296875,11617.2109375,10530.734375,10555.69921875,10895.4658203125,11061.6748046875,11806.2880859375,12238.912109375,11360.0048828125,12153.765625,12828.4658203125,13017.255859375,12222.3154296875,9881.2109375,15098.86328125,10502.4501953125,9832.734375,10995.6064453125,11785.1962890625,12236.7734375,9386.2958984375,12973.6279296875,12431.333984375,3839.2373046875,12564.8330078125,10636.703125,10173.9921875,11220.6171875,11462.9404296875,13226.2822265625,10340.1484375,12702.04296875,4786.87060546875,12659.4794921875,11078.9970703125,13032.974609375,12798.8984375,9874.4404296875,11375.4091796875,11973.68359375,13650.505859375,12200.0673828125,9720.1357421875,12340.0380859375,11470.17578125,10729.6953125,12015.7060546875,11968.06640625,12013.8359375,11512.603515625,12567.3515625,12093.2001953125,11975.2041015625,10674.1220703125,10826.076171875,12409.5966796875,12877.7509765625,12559.6240234375,11986.546875,13034.701171875,11373.330078125,8209.2607421875,12129.1162109375,13216.3515625,10086.2109375,13451.1220703125,12709.05078125,11600.3876953125,13047.8955078125,10410.2080078125,11311.62109375,11808.46484375,9003.173828125,10338.724609375,12732.837890625,13279.333984375,11854.93359375,10728.791015625,10635.107421875,10802.5732421875,10427.31640625,9942.1435546875,8960.0205078125,11660.5634765625,12137.216796875,12287.8671875,12980.5419921875,12769.208984375,13267.9658203125,10474.8623046875,13028.8642578125,9110.80078125,12308.2890625,13284.42578125,8711.462890625,9246.474609375,13893.7783203125,13086.3681640625,12096.912109375,12303.9384765625,10660.2861328125,7939.79296875,7839.515625,12171.0712890625,12300.6123046875,10769.3740234375,6309.30224609375,8496.357421875,10251.65234375,11066.087890625,10829.1416015625,11349.787109375,12522.7021484375
13596.19921875,12725.9814453125,13190.0546875,13070.783203125,12663.9765625,13525.205078125,14106.7265625,12295.513671875,13696.076171875,12167.4033203125,12672.93359375,12578.5654296875,13750.759765625,14468.873046875,10265.0302734375,12156.4931640625,11253.6796875,11872.85546875,13504.3759765625,11465.0771484375,12892.314453125,11403.6416015625,11505.7998046875,11410.2138671875,13233.7783203125,14426.9248046875,12932.146484375,13734.470703125,11454.376953125,13616.20703125,12597.380859375,12230.091796875,12106.7119140625,11452.3310546875,8556.248046875,11154.6123046875,11614.552734375,12279.7509765625,11698.361328125,12597.6689453125,11519.89453125,13774.37890625,12022.9716796875,13626.828125,9610.37890625,11208.7666015625,11867.3193359375,12524.5498046875,11336.1220703125,11598.0185546875,10553.5078125,10519.3359375,10861.97265625,11092.5,11835.4814453125,12226.7548828125,11332.37109375,12188.6611328125,12791.1845703125,13011.6689453125,12231.99609375,9883.048828125,15146.9638671875,10507.16796875,9844.8203125,10968.482421875,11765.4404296875,12190.83984375,9365.1484375,12974.2265625,12455.0107421875,3850.42846679688,12602.03515625,10608.4990234375,10156.208984375,11189.1591796875,11465.5908203125,13256.63671875,10340.564453125,12695.0810546875,4753.66357421875,12703.837890625,11089.0205078125,13020.9580078125,12781.4833984375,9879.1025390625,11380.64453125,11919.564453125,13734.2060546875,12188.0615234375,9677.3779296875,12414.8916015625,11505.494140625,10737.259765625,12033.7265625,11879.556640625,12000.53515625,11516.4306640625,12596.4169921875,12113.1962890625,11956.3388671875,10676.251953125,10785.0283203125,12438.4814453125,12947.75390625,12526.4033203125,11909.6591796875,13057.396484375,11361.3515625,8175.66357421875,12162.21875,13255.3798828125,10076.744140625,13461.1162109375,12775.326171875,11658.1962890625,13184.3828125,10425.044921875,11253.8603515625,11797.0693359375,8982.23046875,10349.880859375,12778.2451171875,13414.849609375,11868.1787109375,10699.4501953125,10633.4931640625,10762.5322265625,10363.9814453125,9964.8232421875,8979.2236328125,11685.1591796875,12122.349609375,12309.1171875,12951.5546875,12875.3193359375,13211.53515625,10450.1328125,12957.1845703125,9162.8466796875,12386.6630859375,13266.865234375,8611.2412109375,9217.646484375,13935.1513671875,13050.9423828125,12020.2177734375,12301.998046875,10608.919921875,7961.5166015625,7858.36328125,12079.9033203125,12306.8330078125,10778.0966796875,6328.2255859375,8518.494140625,10240.0009765625,10821.1669921875,10708.9697265625,11272.6171875,12524.62109375
13597.9765625,12771.5859375,13321.537109375,13068.1494140625,12666.2294921875,13530.759765625,14206.7431640625,12334.8876953125,13680.1044921875,12145.5693359375,12697.890625,12610.6103515625,13788.181640625,14476.3154296875,10234.8017578125,12151.20703125,11322.10546875,11828.029296875,13551.578125,11502.8701171875,12947.392578125,11433.62109375,11482.1484375,11383.2080078125,13275.8759765625,14404.8486328125,12919.62109375,13747.2958984375,11485.5595703125,13593.7294921875,12590.419921875,12170.0546875,12104.619140625,11432.130859375,8545.6572265625,11164.1298828125,11639.2119140625,12213.7451171875,11692.09375,12563.466796875,11531.7744140625,13785.09375,11993.9453125,13641.875,9618.828125,11221.0556640625,11876.6767578125,12501.837890625,11289.39453125,11647.3193359375,10534.8212890625,10513.041015625,10776.5048828125,11131.0458984375,11885.5283203125,12226.4970703125,11322.095703125,12211.134765625,12825.3203125,13002.4560546875,12260.552734375,9855.931640625,15139.439453125,10496.6767578125,9865.77734375,10962.1640625,11789.400390625,12153.7236328125,9364.8251953125,12975.0322265625,12471.3369140625,3868.525390625,12669.9169921875,10596.59375,10174.7890625,11158.0888671875,11475.9765625,13269.552734375,10337.900390625,12652.6728515625,4759.49072265625,12709.8408203125,11067.169921875,13027.2529296875,12783.06640625,9836.4814453125,11367.8037109375,11892.4384765625,13763.4482421875,12163.9609375,9669.291015625,12487.080078125,11527.3564453125,10741.814453125,12079.49609375,11827.1533203125,12011.201171875,11519.8935546875,12629.7578125,12101.0673828125,11949.7373046875,10689.8408203125,10736.8212890625,12459.34765625,13010.509765625,12503.240234375,11843.357421875,13088.64453125,11332.71484375,8141.712890625,12175.662109375,13386.3193359375,10041.068359375,13436.0283203125,12726.03515625,11673.6328125,13288.9619140625,10422.16015625,11206.7861328125,11771.662109375,8968.7998046875,10393.7998046875,12815.6416015625,13456.080078125,11887.474609375,10706.9306640625,10636.98046875,10745.9384765625,10332.82421875,9997.4814453125,9023.501953125,11730.2802734375,12118.6611328125,12301.7890625,12973.22265625,12959.927734375,13231.990234375,10407.6748046875,12914.69140625,9211.681640625,12483.51953125,13271.1748046875,8586.994140625,9248.5986328125,13948.9111328125,13046.5751953125,12010.9716796875,12354.2880859375,10606.662109375,7988.7177734375,7871.96240234375,12051.6083984375,12351.53125,10806.5859375,6380.05078125,8541.6103515625,10282.9306640625,10721.9091796875,10633.4189453125,11231.7724609375,12507.7109375
13605.134765625,12851.3564453125,13453.6435546875,13146.5634765625,12705.203125,13527.0361328125,14300.3193359375,12336.892578125,13638.3515625,12121.3046875,12732.8603515625,12639.1533203125,13796.384765625,14495.021484375,10207.9326171875,12137.513671875,11357.029296875,11807.853515625,13622.6748046875,11532.15234375,13009.0732421875,11445.6826171875,11452.35546875,11356.3642578125,13321.365234375,14429.904296875,12870.224609375,13755.3046875,11512.2470703125,13587.9375,12642.9755859375,12148.6875,12114.6435546875,11445.19140625,8534.7919921875,11160.619140625,11629.275390625,12204.244140625,11691.662109375,12600.3125,11503.8291015625,13823.7861328125,12014.7119140625,13673.2412109375,9628.9501953125,11222.9501953125,11913.4619140625,12496.9814453125,11295.0859375,11724.578125,10485.1689453125,10531.9765625,10688.5380859375,11151.1142578125,11923.328125,12237.6748046875,11330.0966796875,12205.482421875,12892.755859375,12991.9814453125,12284.8251953125,9835.3720703125,15073.1591796875,10469.318359375,9874.3935546875,10982.896484375,11833.458984375,12154.82421875,9383.6376953125,12995.1962890625,12481.931640625,3876.72607421875,12733.0859375,10601.3134765625,10215.443359375,11151.4599609375,11496.595703125,13254.6767578125,10318.94140625,12603.193359375,4780.62353515625,12716.0791015625,11026.9140625,13047.11328125,12800.2529296875,9755.88671875,11343.2890625,11905.5146484375,13685.6640625,12158.697265625,9704.37890625,12526.7021484375,11532.7578125,10743.1708984375,12098.3193359375,11818.9248046875,12050.9765625,11521.984375,12631.3125,12072.25390625,11964.3095703125,10705.2734375,10702.4814453125,12464.70703125,13017.7978515625,12506.54296875,11837.7158203125,13115.99609375,11309.7607421875,8144.55419921875,12151.1943359375,13499.7666015625,10013.7294921875,13399.4501953125,12614.1630859375,11619.544921875,13283.3828125,10414.8359375,11223.5068359375,11757.0048828125,8974.9150390625,10453.0029296875,12810.4169921875,13349.6337890625,11888.576171875,10750.4443359375,10633.162109375,10754.0751953125,10350.107421875,10024.01953125,9073.94140625,11748.2509765625,12124.0224609375,12260.0546875,13029.9033203125,12963.8828125,13273.029296875,10361.5673828125,12936.4873046875,9220.4853515625,12511.7529296875,13284.6279296875,8639.740234375,9321.9931640625,13921.107421875,13051.1064453125,12049.8515625,12397.79296875,10650.07421875,7997.18994140625,7885.54052734375,12114.7763671875,12390.2998046875,10820.2216796875,6425.63720703125,8555.3271484375,10345.1435546875,10803.6650390625,10668.9599609375,11251.6220703125,12491.150390625
13614.798828125,12894.2333984375,13473.32421875,13239.201171875,12733.9541015625,13507.59765625,14289.240234375,12300.5302734375,13584.6552734375,12111.5712890625,12754.962890625,12636.873046875,13764.1455078125,14494.5908203125,10195.5283203125,12112.7216796875,11309.6533203125,11801.818359375,13652.8046875,11521.630859375,13001.8115234375,11413.92578125,11436.97265625,11354.82421875,13304.98046875,14455.9951171875,12820.94921875,13743.158203125,11502.9814453125,13588.3154296875,12709.09765625,12121.3466796875,12115.5546875,11433.0908203125,8538.4248046875,11162.5712890625,11589.70703125,12252.4345703125,11692.0166015625,12665.880859375,11453.3984375,13841.1083984375,12044.564453125,13686.5048828125,9660.650390625,11199.17578125,11949.7470703125,12516.01171875,11324.69140625,11766.048828125,10434.2021484375,10522.181640625,10656.478515625,11138.3056640625,11934.263671875,12244.119140625,11348.359375,12183.2666015625,12930.0009765625,12972.0029296875,12285.7451171875,9857.462890625,14993.5654296875,10457.1376953125,9870.595703125,11021.5576171875,11862.7109375,12183.14453125,9412.5126953125,13031.6494140625,12494.7734375,3853.89892578125,12739.736328125,10613.4052734375,10252.072265625,11162.45703125,11522.38671875,13211.0126953125,10297.1640625,12583.5439453125,4779.54345703125,12731.9345703125,11002.1513671875,13070.5244140625,12811.052734375,9678.3720703125,11326.2578125,11939.9140625,13540.3203125,12199.9189453125,9747.4755859375,12543.4658203125,11523.787109375,10741.7626953125,12054.193359375,11808.6875,12096.0810546875,11532.8935546875,12589.87109375,12044.4677734375,11991.8515625,10716.94921875,10687.8466796875,12445.0517578125,12946.8505859375,12540.5498046875,11875.6005859375,13140.771484375,11305.7080078125,8185.14453125,12108.9384765625,13503.0556640625,10020.34375,13395.9912109375,12559.2880859375,11523.380859375,13151.369140625,10430.169921875,11302.0625,11759.787109375,8994.1796875,10484.4189453125,12767.4541015625,13143.2265625,11858.88671875,10793.2001953125,10619.4296875,10763.255859375,10391.58203125,10040.4580078125,9095.361328125,11713.2509765625,12133.353515625,12209.5078125,13064.6005859375,12897.17578125,13243.1171875,10336.3466796875,13002.591796875,9185.548828125,12476.0625,13297.283203125,8708.1103515625,9391.154296875,13862.927734375,13037.3369140625,12088.9072265625,12382.00390625,10699.2626953125,7979.40234375,7905.00732421875,12219.8515625,12398.60546875,10808.5439453125,6426.53466796875,8559.1611328125,10378.84765625,10974.4609375,10798.392578125,11306.8818359375,12500.0283203125
13615.0166015625,12856.423828125,13371.0673828125,13269.4052734375,12707.9345703125,13489.537109375,14176.7021484375,12260.5400390625,13542.7158203125,12131.2900390625,12746.19921875,12612.625,13729.4091796875,14466.822265625,10199.8984375,12078.9208984375,11188.2509765625,11794.4892578125,13620.109375,11492.060546875,12930.646484375,11357.2470703125,11444.6435546875,11382.01171875,13206.9970703125,14439.2626953125,12807.7626953125,13710.0654296875,11456.720703125,13584.896484375,12739.7861328125,12066.43359375,12105.0380859375,11373.9013671875,8551.2001953125,11171.7529296875,11552.6494140625,12301.5791015625,11681.421875,12686.5341796875,11418.9697265625,13805.7060546875,12029.701171875,13657.515625,9708.8408203125,11173.2900390625,11958.609375,12527.26953125,11339.966796875,11754.4140625,10410.515625,10462.51953125,10695.81640625,11109.498046875,11923.505859375,12234.439453125,11369.181640625,12161.625,12911.6240234375,12936.8681640625,12266.48828125,9912.6123046875,14948.7939453125,10484.841796875,9873.62109375,11051.5146484375,11861.404296875,12203.53125,9444.4130859375,13050.962890625,12511.76953125,3804.65698242188,12672.857421875,10623.244140625,10274.64453125,11166.66015625,11539.2421875,13152.40625,10295.7744140625,12605.46875,4749.93115234375,12725.91015625,11014.9599609375,13089.2216796875,12802.6328125,9644.216796875,11333.033203125,11968.61328125,13436.357421875,12273.6064453125,9756.62890625,12546.984375,11501.7998046875,10731.5986328125,11977.126953125,11765.5732421875,12111.384765625,11558.0556640625,12534.6171875,12022.5224609375,12013.013671875,10722.2744140625,10683.7822265625,12402.2578125,12841.7431640625,12592.185546875,11895.8173828125,13164.296875,11310.287109375,8225.3955078125,12085.255859375,13406.0908203125,10048.8828125,13430.1328125,12615.2880859375,11438.453125,12975.111328125,10467.958984375,11381.0498046875,11766.01953125,9009.423828125,10460.23828125,12727.73046875,12980.1171875,11819.4931640625,10790.8984375,10608.150390625,10758.1572265625,10421.2646484375,10054.65625,9071.380859375,11651.884765625,12144.25390625,12187.1171875,13045.51171875,12821.4013671875,13139.6767578125,10351.6123046875,13057.529296875,9139.4560546875,12446.24609375,13311.5263671875,8731.4306640625,9421.8291015625,13799.0751953125,13003.837890625,12102.6171875,12321.3603515625,10717.4267578125,7950.1416015625,7922.66015625,12289.0615234375,12390.1103515625,10796.43359375,6382.61865234375,8551.3291015625,10369.1953125,11107.51953125,10927.3271484375,11353.9619140625,12524.8115234375
13599.6689453125,12776.0263671875,13254.6748046875,13228.2685546875,12648.43359375,13496.1982421875,14080.69921875,12251.6865234375,13527.2314453125,12172.3251953125,12712.27734375,12598.2373046875,13736.5966796875,14439.4345703125,10213.0595703125,12053.18359375,11074.5869140625,11794.1435546875,13575.6787109375,11494.095703125,12886.2802734375,11325.5673828125,11470.662109375,11404.095703125,13089.529296875,14391.3486328125,12837.130859375,13676.0361328125,11408.9130859375,13591.6953125,12735.5966796875,12024.34375,12097.123046875,11318.599609375,8558.068359375,11179.5791015625,11546.5380859375,12302.6943359375,11654.666015625,12639.7939453125,11424.7255859375,13748.9970703125,11971.2275390625,13611.0380859375,9733.751953125,11184.5439453125,11936.2412109375,12504.0498046875,11339.4140625,11731.24609375,10425.1015625,10405.0859375,10767.45703125,11096.625,11898.7666015625,12217.904296875,11388.0146484375,12147.1220703125,12872.1484375,12909.7216796875,12247.349609375,9951.94921875,14950.677734375,10533.6591796875,9896.1943359375,11049.33203125,11841.40625,12200.8935546875,9472.9658203125,13023.0029296875,12526.5029296875,3763.66650390625,12582.8046875,10630.9775390625,10291.09375,11157.8125,11538.9951171875,13109.8466796875,10321.2763671875,12649.6240234375,4723.1923828125,12675.8974609375,11056.7265625,13098.1220703125,12785.3564453125,9664.1689453125,11364.2529296875,11980.716796875,13452.9951171875,12328.3134765625,9726.0849609375,12519.83203125,11474.5341796875,10714.78125,11937.7802734375,11720.546875,12085.5234375,11584.8916015625,12506.5556640625,12006.783203125,12014.13671875,10719.2529296875,10682.5009765625,12358.458984375,12788.6845703125,12639.9609375,11866.3017578125,13172.064453125,11306.7333984375,8230.9619140625,12094.8603515625,13294.16015625,10062.244140625,13453.4814453125,12714.3583984375,11402.83203125,12879.505859375,10492.9912109375,11398.013671875,11762.9052734375,9009.6181640625,10401.6669921875,12727.2939453125,12981.677734375,11807.6572265625,10735.3828125,10613.177734375,10754.662109375,10431.107421875,10072.232421875,9023.94140625,11619.728515625,12160.693359375,12206.9111328125,13002.66015625,12792.1435546875,13065.9853515625,10405.197265625,13060.3798828125,9118.64453125,12465.4091796875,13331.21875,8709.017578125,9414.1806640625,13758.78125,12971.6005859375,12110.8681640625,12277.7255859375,10700.4228515625,7930.87744140625,7922.22216796875,12292.091796875,12394.2373046875,10813.7041015625,6329.84912109375,8527.3984375,10344.59765625,11144.7412109375,10964.30859375,11374.57421875,12521.0849609375
13579.8359375,12734.7978515625,13235.3662109375,13178.294921875,12627.58203125,13526.7587890625,14102.9853515625,12279.060546875,13533.9033203125,12199.5947265625,12681.34765625,12611.650390625,13784.109375,14441.5576171875,10218.814453125,12057.5712890625,11056.515625,11821.359375,13585.66796875,11546.064453125,12937.9248046875,11347.365234375,11502.734375,11383.2451171875,13038.15234375,14362.8154296875,12885.623046875,13666.966796875,11397.4345703125,13629.4970703125,12737.498046875,12050.5029296875,12102.8642578125,11337.5859375,8554.341796875,11183.1982421875,11576.423828125,12269.4873046875,11628.5048828125,12579.427734375,11460.9990234375,13735.4599609375,11928.1982421875,13599.30078125,9700.568359375,11240.8955078125,11902.9453125,12463.798828125,11353.548828125,11738.7734375,10466.5263671875,10417.94921875,10818.7900390625,11110.5390625,11862.0771484375,12215.060546875,11400.4482421875,12141.6845703125,12865.5771484375,12935.564453125,12246.3046875,9942.09375,14981.787109375,10559.544921875,9925.8779296875,11020.72265625,11824.4453125,12197.9814453125,9488.9833984375,12961.677734375,12530.876953125,3764.57739257812,12553.2421875,10645.8388671875,10305.568359375,11158.6220703125,11532.6328125,13116.9345703125,10359.1220703125,12689.2685546875,4731.939453125,12612.2080078125,11100.5390625,13095.4814453125,12778.6953125,9716.84765625,11404.6064453125,11982.595703125,13565.36328125,12324.962890625,9688.0537109375,12446.115234375,11463.439453125,10713.9140625,11973.5390625,11730.087890625,12044.1376953125,11593.2666015625,12518.6123046875,12005.7763671875,12000.0966796875,10710.1357421875,10690.2998046875,12342.47265625,12838.48046875,12666.6796875,11820.8994140625,13145.88671875,11297.041015625,8206.0498046875,12120.6123046875,13239.33203125,10040.068359375,13424.669921875,12755.5615234375,11424.9267578125,12921.82421875,10474.5234375,11351.53515625,11756.84765625,8998.0419921875,10363.3984375,12764.1005859375,13128.4677734375,11838.962890625,10671.1259765625,10633.197265625,10779.939453125,10442.1416015625,10086.58203125,8994.2509765625,11648.3759765625,12188.1162109375,12247.822265625,12991.3740234375,12818.224609375,13113.12890625,10470.3212890625,13017.556640625,9131.3115234375,12515.69140625,13349.578125,8693.40234375,9391.08984375,13769.00390625,12959.171875,12148.736328125,12294.6279296875,10670.080078125,7930.59033203125,7899.21728515625,12261.474609375,12419.8779296875,10858.1025390625,6306.12890625,8494.353515625,10342.4560546875,11119.0078125,10900.4677734375,11382.7880859375,12462.55078125
13574.9794921875,12766.3759765625,13310.8134765625,13183.37890625,12685.4443359375,13552.6796875,14209.220703125,12319.2646484375,13548.181640625,12178.52734375,12680.3095703125,12637.3134765625,13822.2265625,14465.4541015625,10205.853515625,12094.0458984375,11141.265625,11873.1640625,13649.7470703125,11607.345703125,13039.609375,11400.3671875,11527.861328125,11328.14453125,13071.8984375,14376.7470703125,12921.0859375,13691.08984375,11423.4091796875,13685.685546875,12767.16796875,12141.4140625,12119.2373046875,11435.1455078125,8547.08984375,11185.2373046875,11627.7529296875,12255.6044921875,11631.517578125,12575.0068359375,11496.6376953125,13790.759765625,11947.4326171875,13642.291015625,9625.6435546875,11304.7177734375,11883.4462890625,12451.650390625,11398.4033203125,11765.3876953125,10507.740234375,10500.5341796875,10832.5546875,11128.5185546875,11820.5380859375,12233.736328125,11401.3974609375,12152.0263671875,12907.2998046875,13033.56640625,12266.390625,9904.2138671875,15027.9658203125,10544.126953125,9936.5390625,10998.486328125,11820.9033203125,12223.705078125,9486.59765625,12920.828125,12520.568359375,3806.06665039062,12617.958984375,10673.6171875,10307.4404296875,11191.09765625,11540.3505859375,13181.1005859375,10391.373046875,12712.3701171875,4774.7607421875,12595.0693359375,11127.7587890625,13085.0927734375,12787.923828125,9767.5595703125,11435.853515625,11981.4404296875,13673.029296875,12278.33984375,9674.0576171875,12355.341796875,11488.4931640625,10751.9560546875,12048.5009765625,11800.07421875,12024.5341796875,11578.7978515625,12546.6123046875,12029.478515625,11991.3935546875,10704.0810546875,10718.892578125,12362.134765625,12953.552734375,12665.5791015625,11815.7978515625,13091.99609375,11299.470703125,8180.77783203125,12137.9189453125,13253.0244140625,10002.91015625,13366.2041015625,12726.0419921875,11490.595703125,13035.099609375,10425.513671875,11300.77734375,11763.1953125,8984.546875,10379.759765625,12807.9599609375,13274.0439453125,11892.88671875,10659.4140625,10651.013671875,10832.392578125,10467.0625,10085.505859375,9004.5185546875,11716.1962890625,12222.5361328125,12274.6630859375,13027.9775390625,12865.5634765625,13248.287109375,10512.6845703125,12972.0791015625,9156.1533203125,12563.4091796875,13354.26171875,8726.2724609375,9372.7724609375,13835.8798828125,12968.423828125,12215.4072265625,12354.59765625,10648.0029296875,7940.77734375,7870.787109375,12238.8310546875,12445.4052734375,10894.57421875,6322.70556640625,8477.66796875,10368.5556640625,11093.2724609375,10811.73828125,11394.3203125,12385.7412109375
13589.8828125,12819.033203125,13375.515625,13243.5126953125,12776.2880859375,13547.4189453125,14266.1953125,12341.8818359375,13561.6640625,12113.3984375,12710.751953125,12644.80078125,13804.10546875,14474.873046875,10180.6982421875,12134.9345703125,11245.123046875,11913.6708984375,13694.7470703125,11620.51953125,13070.181640625,11437.5078125,11536.6572265625,11297.26953125,13126.6689453125,14398.625,12922.9462890625,13731.3359375,11450.50390625,13710.9921875,12793.896484375,12228.3779296875,12136.2685546875,11533.6142578125,8540.0625,11180.78125,11677.240234375,12284.4833984375,11670.9873046875,12635.220703125,11508,13872.8603515625,12005.7666015625,13702.61328125,9570.095703125,11327.9765625,11887.24609375,12487.6484375,11446.8720703125,11764.0810546875,10521.865234375,10578.8525390625,10831.1923828125,11122.5302734375,11796.203125,12259.3466796875,11389.8203125,12182.244140625,12959.3681640625,13161.025390625,12297.916015625,9890.1904296875,15087.1201171875,10513.2373046875,9917.431640625,11008.2138671875,11826.927734375,12270.5869140625,9472.6552734375,12941.197265625,12496.2373046875,3853.11645507812,12712.2841796875,10706.0625,10289.478515625,11243.666015625,11566.0810546875,13266.8857421875,10410.8212890625,12720.21875,4820.2294921875,12650.05859375,11139.15234375,13076.072265625,12799.595703125,9789.9423828125,11452.7998046875,11974.9921875,13698.28125,12241.0107421875,9682.9736328125,12312.349609375,11537.8349609375,10815.0625,12092.2822265625,11865.9052734375,12039.1328125,11559.0546875,12557.0634765625,12070.470703125,12007.671875,10709.462890625,10763.9873046875,12394.1748046875,13037.94921875,12639.830078125,11858.1787109375,13044.4453125,11320.4404296875,8173.1923828125,12140.3837890625,13309.5703125,9990.6533203125,13340.2685546875,12702.81640625,11568.396484375,13091.677734375,10392.1591796875,11302.6611328125,11779.8857421875,8973.8271484375,10430.1064453125,12837.1181640625,13287.0654296875,11935.994140625,10718.2890625,10650.0185546875,10874.22265625,10485.6396484375,10066.501953125,9040.23828125,11769,12246.716796875,12268.4501953125,13074.8701171875,12890.2431640625,13347.8720703125,10515.171875,12964.8310546875,9167.3984375,12597.705078125,13342.888671875,8788.43359375,9364.3154296875,13923.5869140625,12992.7685546875,12260.8388671875,12401.09765625,10641.3662109375,7945.78271484375,7860.458984375,12226.13671875,12444.560546875,10891.51953125,6363.857421875,8502.0048828125,10393.548828125,11092.359375,10784.1640625,11400.8671875,12363.208984375
13604.5419921875,12819.2734375,13343.6611328125,13300.986328125,12811.923828125,13514.24609375,14192.728515625,12328.3125,13578.04296875,12055.2158203125,12748.39453125,12624.484375,13734.7451171875,14450.998046875,10161.939453125,12147.5107421875,11275.7001953125,11908.775390625,13656.7666015625,11573.1220703125,12971.3076171875,11434.3642578125,11525.369140625,11339.154296875,13131.55078125,14383.1220703125,12889.23046875,13761.2255859375,11444.95703125,13671.5703125,12773.1298828125,12250.0849609375,12149.966796875,11552.6171875,8528.619140625,11158.126953125,11698.0771484375,12320.7705078125,11716.2841796875,12699.7177734375,11496.6435546875,13918.677734375,12037.3681640625,13726.947265625,9580.3564453125,11295.6376953125,11906.0546875,12542.47265625,11453.9541015625,11719.5654296875,10500.787109375,10588.2080078125,10837.4248046875,11095.1376953125,11813.4873046875,12270.6943359375,11372.521484375,12219.8603515625,12971.58984375,13239.1123046875,12326.330078125,9922.740234375,15144.3310546875,10500.1591796875,9886.7001953125,11038.99609375,11836.6103515625,12295.7705078125,9462.8916015625,13004.6728515625,12465.1689453125,3872.67431640625,12723.91796875,10725.9326171875,10269.1943359375,11277.8310546875,11587.841796875,13315.7470703125,10417.1044921875,12714.45703125,4840.35693359375,12734.6904296875,11143.0546875,13076.267578125,12799.8935546875,9779.1376953125,11467.0078125,11959.26953125,13649.3359375,12246.3056640625,9692.0966796875,12352.787109375,11562.5234375,10849.6640625,12072.875,11859.9462890625,12066.6201171875,11553.17578125,12540.390625,12101.6845703125,12051.046875,10722.125,10798.8740234375,12407.9990234375,13023.75,12601.1181640625,11894.767578125,13031.9658203125,11340.4521484375,8175.28759765625,12138.5390625,13384.8056640625,10018.7783203125,13369.6923828125,12738.0673828125,11615.080078125,13029.7001953125,10404.66796875,11353.9560546875,11781.6025390625,8965.01953125,10462.24609375,12855.95703125,13172.876953125,11953.044921875,10800.185546875,10630.529296875,10871.5380859375,10468.8076171875,10041.8583984375,9068.9404296875,11767.2314453125,12242.552734375,12237.65234375,13090,12869.65234375,13339.16015625,10488.5029296875,13004.1640625,9158.0283203125,12609.38671875,13328.1123046875,8819.1572265625,9362.2109375,13965.345703125,13031.1318359375,12231.0615234375,12395.779296875,10648.2607421875,7936.67431640625,7874.3544921875,12201.080078125,12417.8662109375,10853.00390625,6404.79443359375,8561.017578125,10388.5439453125,11094.1572265625,10838.6435546875,11381.4501953125,12425.6728515625
13593.8544921875,12761.3671875,13242.08203125,13303.1787109375,12756.564453125,13480.6220703125,14047.685546875,12279.970703125,13603.0625,12060.8388671875,12765.5078125,12600.5732421875,13667.8798828125,14417.5478515625,10158.9736328125,12129.4580078125,11221.36328125,11864.783203125,13558.2314453125,11508.4697265625,12824.2646484375,11404.6787109375,11497.3798828125,11432.6875,13086.5166015625,14337.935546875,12834.33203125,13766.4833984375,11411.990234375,13597.37890625,12708.7529296875,12217.900390625,12164.875,11496.509765625,8513.2685546875,11118.96484375,11668.3720703125,12317.8369140625,11726.26171875,12704.19921875,11482.51171875,13908.4443359375,12012.8369140625,13704.359375,9640.255859375,11232.0693359375,11925.2841796875,12569.8251953125,11406.5537109375,11675.7333984375,10463.8408203125,10542.4345703125,10842.943359375,11078.83984375,11872.2529296875,12262.0048828125,11359.5546875,12240.6884765625,12932.5546875,13221.8359375,12337.0341796875,9968.876953125,15157.783203125,10503.1162109375,9874.03515625,11055.2275390625,11849.0673828125,12268.0087890625,9464.9970703125,13050.1005859375,12442.9375,3864.22045898438,12605.3203125,10724.0361328125,10276.6953125,11268.3388671875,11579.7890625,13293.1162109375,10407.8173828125,12695.4599609375,4834.078125,12773.2333984375,11140.7890625,13084.9072265625,12792.357421875,9754.583984375,11492.275390625,11941.19921875,13590.6396484375,12276.0244140625,9692.97265625,12440.267578125,11519.2763671875,10812.05078125,12022.85546875,11790.572265625,12076.6494140625,11560.2021484375,12518.12109375,12100.4560546875,12101.7763671875,10726.4443359375,10796.0888671875,12398.6533203125,12928.9970703125,12567.8271484375,11876.638671875,13046.6669921875,11336.6015625,8174.54052734375,12141.5283203125,13458.9931640625,10061.4267578125,13405.0009765625,12783.1337890625,11600.2041015625,12912.7998046875,10447.341796875,11398.6201171875,11748.564453125,8960.9453125,10447.15234375,12876.38671875,13049.0205078125,11952.201171875,10836.599609375,10609.451171875,10835.29296875,10421.521484375,10026.8369140625,9072.16796875,11715.8662109375,12210.13671875,12206.0634765625,13077.4091796875,12813.1513671875,13280.8154296875,10457.8935546875,13066.1572265625,9141.2373046875,12564.4658203125,13325.998046875,8782.7392578125,9365.23046875,13917.59375,13088.056640625,12127.9033203125,12349.6328125,10665.0361328125,7917.6044921875,7896.22216796875,12166.2783203125,12393.8583984375,10812.443359375,6426.17578125,8613.646484375,10359.5546875,11073.0849609375,10925.0126953125,11334.978515625,12521.859375
13558.2509765625,12714.921875,13170.8681640625,13251.2421875,12665.67578125,13468.685546875,13960.0625,12219.814453125,13629.908203125,12135.662109375,12752.5126953125,12606.3994140625,13656.669921875,14410.9111328125,10161.61328125,12112.072265625,11154.798828125,11824.2587890625,13488.451171875,11477.6279296875,12768.5859375,11375.09765625,11463.9892578125,11499.9921875,13050.69921875,14319.7890625,12784.2734375,13751.6025390625,11387.1328125,13560.0751953125,12657.37109375,12196.4833984375,12185.166015625,11447.99609375,8508.1669921875,11088.4521484375,11591.5107421875,12279.1318359375,11694.2177734375,12644.6015625,11483.4736328125,13874.2060546875,11972.3212890625,13672.57421875,9689.93359375,11173.65234375,11934.8642578125,12554.99609375,11340.20703125,11684.24609375,10445.3916015625,10508.1083984375,10824.21875,11098.1435546875,11938.4228515625,12246.439453125,11354.25,12233.310546875,12878.4443359375,13138.013671875,12320.0810546875,9977.009765625,15093.1533203125,10493.623046875,9891.7431640625,11037.7978515625,11861.8388671875,12206.2890625,9469.474609375,13037.2421875,12447.091796875,3852.7392578125,12432.244140625,10709.501953125,10315.6953125,11229.5712890625,11542.79296875,13221.240234375,10382.3779296875,12671.9921875,4819.9189453125,12724.7392578125,11128.65625,13093.7314453125,12793.2509765625,9750.1064453125,11524.994140625,11936.22265625,13567.5654296875,12288.7265625,9703.3203125,12501.9150390625,11424.265625,10720.412109375,11996.0224609375,11737.673828125,12058.3447265625,11563.59765625,12521.19140625,12072.947265625,12129.1748046875,10712.4853515625,10756.1484375,12389.1953125,12833.8330078125,12557.9404296875,11822.615234375,13055.5927734375,11313.5908203125,8175.0048828125,12149.376953125,13501.564453125,10079.3984375,13382.7939453125,12755.486328125,11539.3515625,12859.388671875,10480.880859375,11388.798828125,11698.4853515625,8970.298828125,10403.9443359375,12892.98828125,13014.1123046875,11946.5615234375,10806.47265625,10604.3583984375,10810.17578125,10385.552734375,10024.69140625,9057.130859375,11655.4501953125,12172.2587890625,12193.7724609375,13077.2099609375,12751.435546875,13285.63671875,10439.431640625,13118.0810546875,9133.927734375,12440.3154296875,13342.5146484375,8708.0439453125,9375.0927734375,13810.6328125,13161.15234375,12017.5517578125,12303.0537109375,10683.69140625,7902.07958984375,7905.82421875,12157.6826171875,12399.009765625,10798.0673828125,6418.45361328125,8619.26171875,10342.6455078125,11035.8046875,10979.3564453125,11292.5859375,12567.5517578125
13527.982421875,12740.5400390625,13186.0224609375,13189.619140625,12625.85546875,13476.6376953125,13992.3935546875,12184.9169921875,13636.296875,12218.0205078125,12719.3623046875,12647.3681640625,13707.4248046875,14430.7626953125,10155.1796875,12121.6708984375,11151.439453125,11824.1953125,13507.4765625,11490.791015625,12848.2802734375,11356.8671875,11441.2734375,11484.2470703125,13061.9306640625,14363.970703125,12767.7958984375,13730.6689453125,11392.7265625,13596.8349609375,12664.6435546875,12224.53515625,12206.044921875,11471.8671875,8524.8330078125,11091.7998046875,11509.9384765625,12255.068359375,11656.376953125,12575.244140625,11501.630859375,13852.6611328125,11973.6220703125,13669.1171875,9690.6240234375,11144.7919921875,11932.1708984375,12524.37109375,11304.7880859375,11737.1689453125,10466.7041015625,10521.4033203125,10782.98828125,11139.0390625,11968.888671875,12240.3095703125,11349.462890625,12213.310546875,12855.0908203125,13064.4130859375,12279.0869140625,9934.4580078125,14976.3671875,10463.6123046875,9924.849609375,11006.2421875,11864.4404296875,12163.7509765625,9462.4541015625,12988.6826171875,12481.49609375,3855.50708007812,12338.4453125,10700.9248046875,10347.2822265625,11198.1630859375,11507.302734375,13163.5537109375,10353.5546875,12661.21875,4813.748046875,12620.9482421875,11110.5869140625,13095.7734375,12810.248046875,9790.205078125,11542.111328125,11950.3779296875,13572.357421875,12271.0400390625,9738.265625,12503.251953125,11352.615234375,10645.0029296875,12010.3447265625,11764.76171875,12025.580078125,11555.4658203125,12561.1123046875,12048.5234375,12110.900390625,10689.896484375,10710.5673828125,12398.08984375,12804.89453125,12576.544921875,11801.3623046875,13042.8935546875,11300.1640625,8188.203125,12161.0908203125,13482.0283203125,10060.3955078125,13304.03125,12661.1181640625,11492.2724609375,12916.87109375,10486.0126953125,11332.2919921875,11678.6171875,8995.0634765625,10371.689453125,12887.166015625,13060.7421875,11940.1552734375,10754.4169921875,10618.18359375,10820.8994140625,10393.1357421875,10026.1494140625,9040.7490234375,11628.0390625,12155.16796875,12205.517578125,13110.53515625,12714.330078125,13379.4140625,10430.251953125,13141.2626953125,9139.5947265625,12286.8525390625,13371.9306640625,8658.255859375,9388.0859375,13733.1767578125,13232.5439453125,11973.00390625,12285.4892578125,10689.3876953125,7902.95703125,7897.8896484375,12196.125,12430.0810546875,10809.2568359375,6383.3134765625,8577.9189453125,10364.5234375,11009.5341796875,10979.5029296875,11292.818359375,12531.529296875
13530.8837890625,12814.2236328125,13243.9404296875,13159.05078125,12666.1533203125,13487.4482421875,14092.16796875,12203.54296875,13599.6435546875,12229.28125,12681.8994140625,12690.900390625,13776.5888671875,14434.4833984375,10141.11328125,12142.353515625,11212.3671875,11864.7412109375,13582.4736328125,11518.4287109375,12960.265625,11345.109375,11441.15625,11407.5087890625,13091.27734375,14436.099609375,12800.58984375,13717.1103515625,11411.037109375,13668.224609375,12711.5908203125,12270.02734375,12215.162109375,11538.705078125,8549.9609375,11120.8349609375,11483.6640625,12280.5029296875,11650.2646484375,12552.546875,11526.2548828125,13847.51953125,12022.416015625,13690.0703125,9661.708984375,11155.6640625,11921.3671875,12512.0556640625,11318.37890625,11771.201171875,10515.8837890625,10551.9794921875,10755.6220703125,11162.1513671875,11948.9560546875,12248.37890625,11336.0439453125,12206.1826171875,12875.8349609375,13060.671875,12236.32421875,9880.337890625,14893.7236328125,10445.390625,9948.189453125,10995.4072265625,11847.3291015625,12174.166015625,9445.388671875,12962.673828125,12525.9921875,3863.138671875,12387.5146484375,10707.5615234375,10326.4140625,11194.2353515625,11503.3134765625,13170.7666015625,10345.287109375,12671.185546875,4817.85546875,12543.4521484375,11100.5009765625,13090.7568359375,12830.0087890625,9865.4169921875,11523.8134765625,11968.427734375,13575.9404296875,12248.1494140625,9779.0556640625,12474.0966796875,11369.365234375,10639.91796875,12040.35546875,11846.150390625,12002.0048828125,11547.580078125,12617.6162109375,12048.6201171875,12049.240234375,10679.2685546875,10693.25,12412.388671875,12843.2958984375,12608.4423828125,11848.923828125,13029.263671875,11312.259765625,8210.4033203125,12178.60546875,13404.0244140625,10026.9970703125,13234.7685546875,12603.392578125,11508.279296875,13014.9609375,10475.6318359375,11279.4404296875,11718.265625,9018.69140625,10366.73046875,12853.9658203125,13114.931640625,11932.2783203125,10738.4033203125,10638.1484375,10840.798828125,10428.45703125,10023.2109375,9028.91796875,11647.033203125,12163.2109375,12228.8935546875,13149.9599609375,12712.0185546875,13465.3466796875,10421.076171875,13136.9619140625,9144.9208984375,12210.5234375,13403.103515625,8666.4658203125,9390.7431640625,13751.9501953125,13275.2197265625,12006.7705078125,12297.81640625,10671.2470703125,7922.45654296875,7881.03271484375,12248.001953125,12459.1533203125,10825.5078125,6335.45166015625,8531.3466796875,10411.0361328125,11005.04296875,10950.0400390625,11345.0908203125,12461.640625
13558.810546875,12850.771484375,13265.0185546875,13166.294921875,12739.203125,13488.5126953125,14166.0791015625,12267.40625,13520.306640625,12147.3291015625,12652.4765625,12695.427734375,13808.7265625,14387.625,10134.1005859375,12128.9013671875,11269.6748046875,11918.6279296875,13627.716796875,11529.224609375,12966.6943359375,11334.8818359375,11461.5751953125,11344.330078125,13087.75,14469.3369140625,12870.8330078125,13720.29296875,11406.6201171875,13702.7568359375,12739.107421875,12270.03125,12202.5830078125,11558.2685546875,8552.830078125,11136.826171875,11539.0703125,12332.076171875,11671.9814453125,12587.75,11546.041015625,13843.2998046875,12070.6015625,13703.7138671875,9650.2158203125,11205.138671875,11912.9228515625,12527.3984375,11357.111328125,11743.1953125,10556.71484375,10552.091796875,10773.9443359375,11144.2890625,11903.9716796875,12264.2578125,11315.0361328125,12217.6396484375,12915.7578125,13128.0009765625,12220.76171875,9861.69921875,14918.333984375,10472.630859375,9949.7138671875,11015.0234375,11818.4619140625,12220.7783203125,9434.79296875,12987.8984375,12547.84765625,3855.96923828125,12514.669921875,10721.203125,10255.408203125,11205.9921875,11530.650390625,13236.810546875,10371.08203125,12686.58203125,4826.97314453125,12560.4892578125,11107.9775390625,13080.9541015625,12829.6005859375,9931.7255859375,11479.0361328125,11966.2314453125,13571.3720703125,12243.5703125,9784.583984375,12459.1220703125,11459.166015625,10690.7607421875,12056.59765625,11893.12109375,12005.482421875,11553.9375,12651.888671875,12065.8359375,11973.1083984375,10688.5283203125,10710.123046875,12403.3017578125,12897.7109375,12626.6435546875,11919.5244140625,13042.630859375,11330.2216796875,8222.357421875,12196.2626953125,13313.8623046875,10007.1005859375,13230.5498046875,12653.4482421875,11569.8828125,13044.96875,10467.208984375,11270.2783203125,11792.6484375,9015.908203125,10375.2421875,12813.6552734375,13132.189453125,11925.4970703125,10766.7197265625,10647.833984375,10824.2216796875,10447.9150390625,10019.5009765625,9014.4619140625,11690.623046875,12174.6494140625,12241.2548828125,13151.779296875,12732.900390625,13435.0234375,10413.9033203125,13117.7109375,9132.4189453125,12267.8291015625,13422.451171875,8708.2802734375,9368.53125,13845.2021484375,13269.1669921875,12063.376953125,12325.0439453125,10638.431640625,7949.318359375,7862.8251953125,12254.974609375,12464.341796875,10831.71484375,6298.16943359375,8521.77734375,10438.4658203125,11004.810546875,10928.3095703125,11418.548828125,12424.9228515625
13575.1748046875,12798.916015625,13230.470703125,13192.958984375,12783.9345703125,13479.7802734375,14173.177734375,12328.8251953125,13432.4736328125,12031.5517578125,12641.6533203125,12650.537109375,13781.2451171875,14312.9267578125,10139.224609375,12062.3486328125,11260.7822265625,11960.9873046875,13600.1748046875,11515.8359375,12846.451171875,11326.7734375,11485.8623046875,11343.103515625,13051.640625,14442.6708984375,12941.7119140625,13743.3828125,11371.93359375,13676.400390625,12721.51953125,12205.455078125,12170.4189453125,11485.466796875,8521.75,11114.787109375,11637.33203125,12357.158203125,11685.50390625,12649.3486328125,11557.322265625,13839.716796875,12079.884765625,13694.6201171875,9672.4404296875,11274.2216796875,11919.154296875,12555.6640625,11384.9921875,11684.9736328125,10560.349609375,10520.900390625,10823.4951171875,11100.9345703125,11873.0908203125,12279.134765625,11299.376953125,12228.3486328125,12940.923828125,13218.4736328125,12242.7158203125,9884.2470703125,15033.4951171875,10530.142578125,9936.3017578125,11040.54296875,11803.43359375,12259.345703125,9440.24609375,13033.7353515625,12529.4609375,3833.53540039062,12598.2353515625,10726.7197265625,10189.2802734375,11210.517578125,11561.5126953125,13305.0673828125,10415.60546875,12680.9130859375,4837.11474609375,12670.6025390625,11125.1083984375,13065.7216796875,12799.697265625,9944.0205078125,11443.0283203125,11937.6005859375,13574.2109375,12244.0615234375,9738.3916015625,12460.556640625,11535.1279296875,10737.1767578125,12057.296875,11850.7333984375,12040.5751953125,11568.4609375,12636.2568359375,12076.6357421875,11921.3994140625,10702.576171875,10738.7939453125,12367.130859375,12917.3896484375,12613.5771484375,11932.640625,13077.056640625,11322.0947265625,8214.0380859375,12194.6181640625,13261.044921875,10004.4677734375,13279.8720703125,12745.380859375,11605.5263671875,12974.982421875,10457.65234375,11300.552734375,11842.94140625,8980.01953125,10381.46484375,12790.8154296875,13130.4970703125,11921.6044921875,10795.9560546875,10640.22265625,10766.4912109375,10435.6220703125,10023.8837890625,8992.1279296875,11720.1943359375,12165.1337890625,12225.0791015625,13108.693359375,12758.1865234375,13293.22265625,10421.9404296875,13096.9443359375,9099.4091796875,12389.32421875,13414.7001953125,8736.8740234375,9321.580078125,13923.5966796875,13214.892578125,12079.1357421875,12353.8955078125,10619.076171875,7967.20703125,7842.9951171875,12202.953125,12451.3896484375,10830.0634765625,6289.8984375,8552.3798828125,10417.607421875,10991.6953125,10934.0810546875,11466.0244140625,12435.529296875
13558.9970703125,12698.2353515625,13196.04296875,13220.291015625,12788.8935546875,13468.4697265625,14138.0244140625,12337.9541015625,13387.21875,11970.822265625,12658.9345703125,12588.4736328125,13721.708984375,14276.9541015625,10142.7109375,11984.9365234375,11190.0458984375,11982.5732421875,13542.544921875,11487.900390625,12716.8974609375,11319.236328125,11495.384765625,11383.7744140625,13038.5283203125,14403.6904296875,12975.3857421875,13778.48828125,11340.919921875,13633.1044921875,12697.57421875,12125.2333984375,12134.009765625,11376.244140625,8485.146484375,11076.69921875,11703.779296875,12335.4501953125,11672.99609375,12698.615234375,11562.6865234375,13853.1953125,12067.1298828125,13679.4873046875,9697.1953125,11325.0810546875,11943.1689453125,12578.9873046875,11386.6796875,11667.16015625,10529.685546875,10501.5166015625,10853.3173828125,11066.4169921875,11873.2734375,12285.8447265625,11302.1376953125,12220.0810546875,12938.1884765625,13272.4560546875,12279.814453125,9911.2216796875,15142.4736328125,10560.8466796875,9920.6650390625,11044.2158203125,11821.6904296875,12264.9326171875,9449.439453125,13047.4345703125,12484.9892578125,3819.38159179688,12580.7041015625,10717.83984375,10179.5947265625,11201.0185546875,11569.255859375,13318.5478515625,10444.126953125,12646.37890625,4846.60107421875,12795.712890625,11132.8818359375,13044.9794921875,12754.7744140625,9897.6005859375,11444.0419921875,11905.4794921875,13590.8984375,12218.2373046875,9674.962890625,12445.4453125,11525.0478515625,10742.2001953125,12057.9873046875,11757.3115234375,12094.50390625,11569.82421875,12577.8408203125,12070.5078125,11916.234375,10700.3486328125,10755.7529296875,12338.03515625,12891.08984375,12577.2041015625,11865.6484375,13094.001953125,11285.654296875,8199.4921875,12158.3955078125,13252.1220703125,10003.0283203125,13331.388671875,12741.8154296875,11569.3046875,12876.7958984375,10434.2939453125,11336.3984375,11835.333984375,8936.97265625,10388.5400390625,12787.9697265625,13138.8330078125,11913.830078125,10788.775390625,10621.4453125,10717.9404296875,10423.333984375,10035.4990234375,8969.8203125,11710.3916015625,12134.9501953125,12184.4306640625,13057.9453125,12777.3056640625,13153.0966796875,10451.166015625,13084.96875,9066.208984375,12442.171875,13371.720703125,8735.08203125,9271.3154296875,13919.0869140625,13136.0048828125,12045.939453125,12376.0673828125,10635.9912109375,7969.1201171875,7822.38818359375,12144.3623046875,12443.6484375,10830.583984375,6311.61572265625,8590.0439453125,10365.5908203125,10979.990234375,10964.0712890625,11459.9248046875,12452.33984375
13533.46875,12636.076171875,13215.529296875,13239.0205078125,12785.0673828125,13462.734375,14099.7685546875,12291.0546875,13414.1552734375,12002.4052734375,12702.5,12555.2509765625,13686.0439453125,14323.36328125,10132.3115234375,11966.5439453125,11118.6376953125,11981.4306640625,13530.37890625,11455.7470703125,12704.6298828125,11307.1728515625,11485.5166015625,11411.84765625,13086.2177734375,14408.8193359375,12960.9404296875,13807.1484375,11351.6845703125,13625.9501953125,12719.6337890625,12097.876953125,12112.4287109375,11328.310546875,8484.662109375,11067.1796875,11696.1611328125,12297.275390625,11661.5703125,12717.3271484375,11565.1591796875,13884.958984375,12076.4990234375,13678.7255859375,9687.27734375,11324.984375,11970.552734375,12587.9296875,11371.59375,11713.4091796875,10492.9833984375,10520.4990234375,10830.4404296875,11057.6015625,11889.994140625,12278.3896484375,11323.7265625,12199.9248046875,12918.5615234375,13251.9638671875,12294.072265625,9907.1025390625,15163.8251953125,10528.888671875,9907.537109375,11026.7685546875,11863.0361328125,12249.6337890625,9442.5576171875,13013.0361328125,12446.455078125,3833.69848632812,12510.427734375,10700.15234375,10218.6845703125,11188.9375,11549.8173828125,13267.9111328125,10433.748046875,12607.1474609375,4852.984375,12836.0087890625,11121.2626953125,13027.052734375,12720.029296875,9835.1640625,11473.3955078125,11900.7333984375,13606.20703125,12166.208984375,9648.1142578125,12401.43359375,11444.697265625,10726.9814453125,12063.0556640625,11701.9609375,12137.4267578125,11549.80078125,12514.63671875,12060.1416015625,11946.1064453125,10679.7236328125,10758.5361328125,12350.212890625,12844.734375,12546.7548828125,11783.7724609375,13066.8642578125,11255.990234375,8199.4970703125,12103.0615234375,13252.0078125,9995.2236328125,13358.95703125,12602.0634765625,11499.0380859375,12842.357421875,10403.107421875,11352.57421875,11794.56640625,8924.27734375,10405.23046875,12788.390625,13146.9248046875,11893.0458984375,10759.251953125,10604.681640625,10730.8115234375,10448.1640625,10040.3466796875,8962.2158203125,11669.7001953125,12110.95703125,12145.4140625,13037.6376953125,12788.2939453125,13114.990234375,10487.2568359375,13088.5078125,9061.6865234375,12373.3642578125,13307.08203125,8725.265625,9247.37109375,13847.0234375,13068.90234375,12014.5029296875,12385.0126953125,10682.3203125,7963.97216796875,7811.88330078125,12141.8935546875,12454.880859375,10837.5537109375,6347.64208984375,8603.033203125,10331.931640625,11005.4140625,10999.8046875,11410.8251953125,12438.94921875
13540.2275390625,12658.1845703125,13274.2314453125,13241.751953125,12789.4140625,13469.095703125,14076.7138671875,12238.228515625,13492.2548828125,12080.4140625,12749.0556640625,12569.478515625,13713.1708984375,14424.2119140625,10119.306640625,12031.326171875,11101.9921875,11957.58984375,13588.0712890625,11428.9658203125,12811.2685546875,11293.103515625,11468.146484375,11399.37890625,13158.017578125,14456.498046875,12920.87890625,13813.7353515625,11400.21484375,13655.3037109375,12783.5634765625,12148.1220703125,12113.8310546875,11375.4521484375,8527.6171875,11096.5908203125,11641.771484375,12281.6005859375,11689.17578125,12709.74609375,11565.279296875,13906.0888671875,12118.740234375,13686.2783203125,9646.3017578125,11278.7578125,11977.0078125,12578.5751953125,11354.642578125,11769.705078125,10474.9130859375,10552.1669921875,10776.5732421875,11062.1572265625,11899.8515625,12255.8564453125,11351.474609375,12191.1337890625,12898.951171875,13158.375,12267.7021484375,9875.021484375,15110.79296875,10464.5703125,9893.67578125,11012.2939453125,11894.1455078125,12237.8564453125,9419.5390625,12965.4267578125,12432.916015625,3865.73510742188,12470.298828125,10680.4140625,10250.470703125,11184.6591796875,11516.5185546875,13195.51953125,10393.3779296875,12597.4599609375,4853.15966796875,12752.482421875,11099.0029296875,13025.8623046875,12708.7490234375,9807.6875,11494.16796875,11928.0400390625,13606.6953125,12133.34765625,9672.7177734375,12361.1435546875,11378.0693359375,10734.146484375,12060.9833984375,11729.919921875,12137.0361328125,11527.9453125,12483.8603515625,12062.6240234375,11975.2802734375,10659.8876953125,10759.5869140625,12391.7939453125,12812.2890625,12550.984375,11769.6376953125,13013.5869140625,11267.658203125,8215.0595703125,12071.6435546875,13228.9228515625,9995.7783203125,13376.5283203125,12444.93359375,11477.798828125,12887.291015625,10390.8681640625,11351.1064453125,11773.3486328125,8952.8955078125,10421.8701171875,12782.892578125,13124.08984375,11863.6591796875,10751.2978515625,10600.654296875,10798.7138671875,10502.0546875,10026.1494140625,8974.8271484375,11634.2158203125,12120.84375,12133.001953125,13047.3876953125,12787.2724609375,13171.958984375,10507.1171875,13108.1826171875,9094.1982421875,12265.33203125,13256.6064453125,8733.02734375,9262.6962890625,13778.7734375,13042.509765625,12039.73828125,12380.3974609375,10725.2373046875,7966.06103515625,7825.14306640625,12199.6767578125,12476.990234375,10847.779296875,6378.56787109375,8589.8818359375,10351.9873046875,11081.2158203125,11015.4248046875,11358.1318359375,12406.361328125
13585.337890625,12731.875,13309.634765625,13217.94921875,12777.7421875,13487.9765625,14074.48828125,12235.5810546875,13561.0654296875,12123.5244140625,12764.0078125,12608.615234375,13789.814453125,14502.98046875,10126.6376953125,12124.5625,11141.5048828125,11922.2421875,13665.71875,11420.7626953125,12918.65625,11291.591796875,11456.693359375,11362.69921875,13178.076171875,14494.25,12888.9970703125,13801.3076171875,11440.1376953125,13678.009765625,12826.0595703125,12242.4375,12127.3154296875,11456.6796875,8577.0009765625,11123.93359375,11602.7470703125,12291.3046875,11749.916015625,12690.3310546875,11562.4609375,13887.4033203125,12156.330078125,13678.2734375,9615,11229.1494140625,11949.9248046875,12552.119140625,11340.9345703125,11767.7001953125,10475.9248046875,10552.443359375,10744.1318359375,11060.1689453125,11896.2998046875,12229.6064453125,11370.9873046875,12202.5390625,12885.9443359375,13033.6953125,12221.39453125,9849.2353515625,15065.5654296875,10434.2138671875,9877.607421875,11016.28125,11891.6533203125,12234.8330078125,9403.619140625,12948.0107421875,12436.033203125,3879.85693359375,12485.1435546875,10658.14453125,10236.3505859375,11184.6845703125,11482.4140625,13155.9765625,10351.2421875,12626.8017578125,4845.79833984375,12608.421875,11081.791015625,13044.9833984375,12711.9501953125,9827.19140625,11481.7001953125,11957.0107421875,13602.3984375,12163.3427734375,9707.1416015625,12359.90234375,11386.7626953125,10769.6572265625,12045.521484375,11800.2607421875,12085.3095703125,11530.029296875,12490.662109375,12077.3720703125,11973.9677734375,10658.0439453125,10764.1728515625,12409.705078125,12809.2421875,12596.861328125,11832.2568359375,12976.2236328125,11317.015625,8228.53515625,12092.93359375,13187.0546875,10022.3623046875,13393.0634765625,12419.06640625,11536.4091796875,12944.375,10413.9775390625,11348.1220703125,11792.0927734375,8994.361328125,10414.1064453125,12782.65625,13071.685546875,11844.5048828125,10779.896484375,10611.1865234375,10860.1279296875,10538.95703125,9999.044921875,8997.0234375,11636.5380859375,12166.2216796875,12144.34375,13059.4169921875,12766.576171875,13239.6103515625,10503.9765625,13134.96484375,9135.8095703125,12234.3515625,13253.1474609375,8755.1376953125,9299.3115234375,13763.7138671875,13058.2109375,12129.4482421875,12374.662109375,10736.8828125,7976.3173828125,7861.64306640625,12264.0107421875,12494.03515625,10857.5986328125,6392.67041015625,8571.765625,10414.0986328125,11173.42578125,10989.6689453125,11342.7734375,12390.2021484375
13622.388671875,12791.1044921875,13284.84375,13163.138671875,12720.966796875,13507.916015625,14095.9306640625,12288.0751953125,13570.2265625,12093.0126953125,12731.087890625,12634.341796875,13856.3388671875,14505.4013671875,10153.6640625,12161.6005859375,11192.2626953125,11901.0078125,13693.4287109375,11438.390625,12917.9453125,11313.26953125,11450.107421875,11330.5966796875,13119.3154296875,14485.6943359375,12880.5908203125,13789.7216796875,11431.6689453125,13667.6513671875,12793.8154296875,12325.51171875,12131.0986328125,11491.345703125,8593.6904296875,11107.0966796875,11608.2255859375,12299.234375,11789.4296875,12672.5947265625,11556.9443359375,13838.0341796875,12149.8779296875,13646.3388671875,9624.0810546875,11215.7685546875,11903.3369140625,12521.5791015625,11328.6611328125,11706.087890625,10479.3408203125,10515.05859375,10760.431640625,11049.9384765625,11890.7421875,12220.2314453125,11376.6728515625,12216.328125,12875.7509765625,12940.26171875,12194.517578125,9856.3681640625,15078.779296875,10467.5966796875,9864.744140625,11027.9091796875,11865.0859375,12225.474609375,9412.8291015625,12966.4482421875,12436.5712890625,3851.34057617188,12511.0986328125,10631.0498046875,10197.7763671875,11179.306640625,11453.9814453125,13171.32421875,10325.8671875,12670.2421875,4831.3125,12521.7802734375,11074.166015625,13067.7275390625,12708.9921875,9860.5185546875,11450.3046875,11952.4130859375,13611.40625,12243.2841796875,9700.0859375,12383.9501953125,11448.6455078125,10795.2021484375,12027.677734375,11837.453125,12012.30859375,11554.654296875,12509.42578125,12088.056640625,11942.9765625,10669.359375,10762.5693359375,12366.927734375,12825.20703125,12664.4248046875,11900.103515625,12973.474609375,11368.544921875,8230.6025390625,12144.431640625,13152.0439453125,10067.6337890625,13384.08203125,12532.13671875,11611.7744140625,12943.8544921875,10454.0517578125,11352.4501953125,11818.048828125,9010.4208984375,10373.43359375,12799.673828125,13030.4111328125,11846.640625,10810.59765625,10628.8525390625,10863.755859375,10531.46875,9981.0546875,9011.4169921875,11675.529296875,12220.7392578125,12150.9716796875,13059.6484375,12729.07421875,13257.0078125,10495.703125,13152.6650390625,9141.6953125,12295.197265625,13295.46484375,8770.5185546875,9321.1630859375,13790.048828125,13086.5498046875,12244.5947265625,12384.6748046875,10721.12890625,7976.86181640625,7901.79833984375,12289.107421875,12501.724609375,10866.123046875,6387.0078125,8564.751953125,10472.232421875,11230.4345703125,10925.912109375,11379.9404296875,12401.46875
13598.984375,12800.97265625,13223.3232421875,13091.2080078125,12634.6748046875,13509.583984375,14125.4296875,12344.4658203125,13524.1220703125,12024.49609375,12672.416015625,12629.7255859375,13854.4228515625,14444.5126953125,10166.6123046875,12110.9423828125,11208.779296875,11913.4208984375,13647.4541015625,11467.8583984375,12816.4736328125,11346.55859375,11435.7744140625,11315.1005859375,13036.7158203125,14451.3056640625,12883.7578125,13793.70703125,11385.5556640625,13644.185546875,12703.306640625,12361.00390625,12113.28125,11467.81640625,8579.8583984375,11060.7158203125,11629.2470703125,12288.6689453125,11762.5517578125,12662.6552734375,11549.99609375,13800.6630859375,12103.693359375,13609.896484375,9660.8857421875,11236.1591796875,11868.4521484375,12508.921875,11319.615234375,11651.55078125,10474.6357421875,10477.7666015625,10804.640625,11048.658203125,11892.4033203125,12239.2734375,11372.478515625,12210.2802734375,12864.2919921875,12921.8251953125,12207.2109375,9889.671875,15112.29296875,10527.0107421875,9861.6328125,11026.0751953125,11842.4970703125,12199.345703125,9434.0546875,12989.8408203125,12430.138671875,3793.94189453125,12503.6748046875,10606.19921875,10185.015625,11166.8095703125,11437.7138671875,13219.591796875,10314.095703125,12693.6767578125,4810.25634765625,12559.9033203125,11067.908203125,13071.078125,12688.3984375,9868.564453125,11434.2041015625,11913.255859375,13627.0068359375,12308.7626953125,9650.2890625,12381.951171875,11489.666015625,10776.92578125,12019.5302734375,11813.8583984375,11965.0263671875,11571.3291015625,12516.6611328125,12083.8662109375,11909.494140625,10675.09375,10745.73046875,12288.349609375,12834.9638671875,12719.025390625,11904.1123046875,12985.7236328125,11393.3828125,8233.7998046875,12168.837890625,13136.697265625,10099.1962890625,13329.556640625,12645.9482421875,11615.998046875,12885.4306640625,10474.6484375,11360.587890625,11807.0908203125,8993.6181640625,10323.9970703125,12822.51953125,13032.0703125,11855.0341796875,10802.9931640625,10642.3935546875,10821.7333984375,10503.998046875,9988.4921875,9009.115234375,11716.4873046875,12252.619140625,12133.72265625,13062.767578125,12699.23046875,13236.2666015625,10503.9697265625,13148.6806640625,9092.2978515625,12356.6494140625,13346.16015625,8774.4677734375,9305.4599609375,13817.9306640625,13090.1171875,12337.732421875,12410.3564453125,10708.01953125,7949.11181640625,7922.8330078125,12284.1943359375,12507.484375,10871.9970703125,6363.5146484375,8566.6611328125,10489.3564453125,11237.6025390625,10862.5888671875,11447.9931640625,12418.0078125
13516.9560546875,12772.296875,13172.8720703125,13032.4970703125,12574.916015625,13483.16015625,14122.626953125,12350.6904296875,13475.58984375,11986.6796875,12632.943359375,12610.5107421875,13778.43359375,14377.7763671875,10136.310546875,12023.4814453125,11179.890625,11947.890625,13562.939453125,11481.029296875,12715.2265625,11365.0751953125,11409.6650390625,11317.42578125,13004.0908203125,14436.1298828125,12878.853515625,13805.3154296875,11352.1376953125,13638.8837890625,12623.98828125,12342.607421875,12085.9775390625,11442.7333984375,8570.1611328125,11044.9658203125,11621.6591796875,12271.5166015625,11687.7919921875,12657.2724609375,11543.5927734375,13806.5439453125,12055.470703125,13592.79296875,9686.4638671875,11255.0078125,11866.9560546875,12524.984375,11320.7841796875,11659.0068359375,10469.5810546875,10474.720703125,10838.630859375,11070.46484375,11893.90625,12273.177734375,11366.0927734375,12185.80859375,12853.9033203125,12973.0302734375,12243.8564453125,9920.0869140625,15092.1328125,10551.8779296875,9867.44140625,11005.6650390625,11836.32421875,12167.6767578125,9434.970703125,12991.689453125,12430.673828125,3749.31713867188,12470.8447265625,10599.509765625,10212.0361328125,11155.1611328125,11441.84375,13261.4296875,10306.404296875,12685.2890625,4784.72265625,12675.2822265625,11057.5439453125,13052.759765625,12660.0849609375,9845.6220703125,11445.0234375,11876.22265625,13616.962890625,12308.1396484375,9610.0361328125,12329.4619140625,11466.5439453125,10727.326171875,12014.6640625,11771.6669921875,11966.185546875,11556.3876953125,12516.8623046875,12072.123046875,11898.9736328125,10668.0859375,10721.9345703125,12239.9296875,12818.9521484375,12731.2001953125,11851.7177734375,12988.529296875,11391.8583984375,8251.3115234375,12134.3740234375,13133.3857421875,10090.494140625,13265.0703125,12642.28515625,11537.791015625,12827.3525390625,10461.1943359375,11366.55859375,11757.8564453125,8972.7265625,10300.10546875,12824.181640625,13063.4013671875,11843.4951171875,10762.0712890625,10644.8818359375,10791.5888671875,10499.498046875,10014.0439453125,8995.3466796875,11723.9091796875,12248.271484375,12111.5703125,13084.3076171875,12707.90234375,13220.0888671875,10527.779296875,13124.4833984375,9016.6796875,12345.6796875,13366.0732421875,8786.6953125,9263.2197265625,13831.3564453125,13058.1572265625,12382.3076171875,12426.802734375,10721.404296875,7898.322265625,7919.07080078125,12287.275390625,12513.8681640625,10872.185546875,6329.0205078125,8568.58203125,10467.4248046875,11233.0205078125,10851.4072265625,11501.8251953125,12421.84375
13435.7294921875,12728.3134765625,13154.8359375,13015.55859375,12581.7373046875,13442.3740234375,14060.9208984375,12303.8251953125,13470.7509765625,12013.353515625,12640.1220703125,12601.8408203125,13682.419921875,14347.44921875,10080.28125,11977.310546875,11125.609375,11968.33203125,13494.9765625,11466.8232421875,12697.9345703125,11356.361328125,11388.837890625,11342.8154296875,13030.4765625,14451.9033203125,12863.5126953125,13803.560546875,11367.0986328125,13649.0390625,12608.884765625,12283.2685546875,12075.3623046875,11459.6806640625,8583.935546875,11091.6796875,11582.62109375,12264.994140625,11632.5048828125,12649.48828125,11540.7109375,13845.064453125,12030.3525390625,13597.4091796875,9678.6787109375,11249.2451171875,11893.3828125,12553.8017578125,11335.3369140625,11708.474609375,10479.494140625,10498.3193359375,10847.7939453125,11108.125,11879.794921875,12291.4970703125,11364.4580078125,12166.1220703125,12851.169921875,13048.2412109375,12272.8828125,9926.3251953125,15006.1298828125,10523.7685546875,9874.0517578125,10981.6279296875,11831.9169921875,12152.4970703125,9402.83203125,12979.2158203125,12448.962890625,3748.634765625,12448.9609375,10620.0302734375,10238.9150390625,11151.8203125,11465.9248046875,13275.759765625,10305.4140625,12660.93359375,4761.21240234375,12752.27734375,11051.08203125,13039.291015625,12648.12109375,9817.1943359375,11457.97265625,11875.41015625,13564.3779296875,12255.1279296875,9626.8447265625,12264.2734375,11406.2919921875,10689.69921875,11997.19140625,11766.0234375,11996.0703125,11524.564453125,12528.4638671875,12067.833984375,11912.1416015625,10662.5859375,10709.96875,12262.1015625,12780.04296875,12693.5361328125,11807.3203125,12986.888671875,11378.9453125,8270.3515625,12073.3017578125,13135.3720703125,10047.7919921875,13261.0498046875,12555.4169921875,11454.5146484375,12816.3779296875,10435.5107421875,11369.1962890625,11714.3427734375,8977.052734375,10309.9892578125,12795.5673828125,13089.126953125,11810.0703125,10731.6279296875,10639.083984375,10810.5322265625,10523.4091796875,10032.5146484375,8981.50390625,11694.947265625,12217.2783203125,12124.1943359375,13111.8046875,12759.4921875,13220.9423828125,10544.091796875,13094.4091796875,8969.1328125,12296.74609375,13350.087890625,8820.5419921875,9227.6865234375,13844.1064453125,13020.2890625,12372.3369140625,12407.2958984375,10753.1552734375,7855.68359375,7904.521484375,12306.8837890625,12510.7060546875,10866.7568359375,6297.5927734375,8569.826171875,10437.091796875,11261.9189453125,10912.2451171875,11504.5458984375,12424.216796875
13411.859375,12678.556640625,13159.4716796875,13047.4892578125,12637.4033203125,13415.6171875,13974.5908203125,12249.7626953125,13501.0361328125,12076.060546875,12679.6640625,12608.6748046875,13633.109375,14348.875,10051.505859375,11999.0556640625,11070.8916015625,11953.0888671875,13477.2705078125,11448.4921875,12757.6171875,11335.3798828125,11396.8525390625,11388.9814453125,13056.14453125,14467.8623046875,12855.3203125,13781.091796875,11413.8779296875,13646.7265625,12651.6494140625,12205.044921875,12093.5625,11491.8310546875,8601.2724609375,11157.15234375,11552.625,12265.6171875,11642.82421875,12639.650390625,11544.33203125,13882.03125,12020.810546875,13609.1015625,9650.548828125,11231.734375,11923.5341796875,12566.419921875,11354.9873046875,11733.248046875,10508.0693359375,10515.01171875,10842.8564453125,11136.525390625,11847.2509765625,12275.7900390625,11371.8642578125,12167.9404296875,12860.4033203125,13103.7734375,12278.2021484375,9910.8310546875,14926.6171875,10477.51171875,9875.4716796875,10969.900390625,11813.0498046875,12163.0703125,9363.2548828125,12979.5625,12475.041015625,3784.92651367188,12444.0712890625,10656.0390625,10223.27734375,11156.439453125,11493.759765625,13271.650390625,10321.6416015625,12643.2119140625,4748.10693359375,12722.2109375,11060.3720703125,13060.3466796875,12669.4189453125,9805.8759765625,11445.2666015625,11900.904296875,13500.3984375,12211.6162109375,9689.3037109375,12246.2890625,11366.58203125,10688.15625,11970.1064453125,11798.8466796875,12018.3349609375,11515.8125,12546.943359375,12075.6787109375,11929.4521484375,10675.173828125,10715.4521484375,12331.2744140625,12743.16015625,12627.203125,11809.0234375,13003.298828125,11360.8203125,8261.806640625,12051.0908203125,13148.580078125,10002.7255859375,13338.0712890625,12514.072265625,11439.005859375,12842.4296875,10427.8466796875,11369.4248046875,11715.15234375,9001.8212890625,10330.88671875,12760.853515625,13096.8525390625,11786.7421875,10738.38671875,10634.9560546875,10857.90234375,10538.1103515625,10024.8212890625,8973.5263671875,11659.3125,12179.8486328125,12181.2353515625,13117.2861328125,12819.4560546875,13220.41015625,10536.5283203125,13072.6318359375,8979.564453125,12294.5908203125,13324.9140625,8855.3095703125,9221.6025390625,13864.4501953125,13020.09375,12314.3720703125,12356.3212890625,10770.2158203125,7850.74169921875,7896.21728515625,12311.1162109375,12489.380859375,10861.986328125,6286.109375,8576.2001953125,10423.3037109375,11320.072265625,11008.1640625,11455.4443359375,12441.7744140625
13442.7705078125,12630.087890625,13177.4794921875,13108.634765625,12688.0810546875,13419.7255859375,13942.8994140625,12232.5087890625,13515.8310546875,12118.04296875,12713.171875,12613.4365234375,13652.853515625,14353.271484375,10079.5712890625,12045.640625,11028.8857421875,11920.9697265625,13511.185546875,11457.7978515625,12825.95703125,11323.177734375,11434.728515625,11425.0712890625,13030.501953125,14455.642578125,12869.1953125,13754.02734375,11443.0869140625,13626.85546875,12708.662109375,12133.7470703125,12121.478515625,11478.7421875,8592.865234375,11165.3623046875,11563.1484375,12258.46875,11697.4091796875,12638.544921875,11553.7568359375,13897.5458984375,12011.65625,13619.8701171875,9628.3046875,11225.7158203125,11938.4365234375,12553.3046875,11363.5478515625,11701.3154296875,10541.4921875,10507.4111328125,10831.11328125,11132.353515625,11814.6796875,12238.8349609375,11387.1064453125,12183.7509765625,12879.3134765625,13129.240234375,12268.5400390625,9890.2578125,14929.4453125,10453.5478515625,9875.6455078125,10971.67578125,11790.341796875,12187.2939453125,9354.1640625,13004.5771484375,12488.0341796875,3821.99633789062,12423.96875,10681.5185546875,10175.7353515625,11163.5302734375,11505.349609375,13269.869140625,10352.8544921875,12641.119140625,4747.525390625,12626.8232421875,11082.59375,13114.5771484375,12716.3828125,9809.6640625,11415.595703125,11905.3046875,13481.421875,12222.2529296875,9738.68359375,12291.80859375,11373.203125,10706.0419921875,11961.6083984375,11818.2119140625,12019.5224609375,11549.9404296875,12536.798828125,12087.2529296875,11934.5859375,10700.736328125,10721.240234375,12389.642578125,12735.1513671875,12573.0634765625,11826.517578125,13037.236328125,11335.86328125,8219.8466796875,12096.841796875,13175.6650390625,9980.15234375,13424.548828125,12576.4921875,11474.490234375,12862.9765625,10441.8623046875,11366.1083984375,11750.6279296875,9015.2470703125,10341.2685546875,12751.1630859375,13099.8876953125,11803.2998046875,10758.701171875,10639.951171875,10884.552734375,10514.8876953125,9995.462890625,8968.8095703125,11647.27734375,12151.76953125,12238.435546875,13095.326171875,12844.56640625,13213.75390625,10517.1845703125,13061.6455078125,9028.5322265625,12354.3720703125,13312.9501953125,8853.68359375,9237.55859375,13876.689453125,13069.4814453125,12232.939453125,12312.4130859375,10747.6435546875,7881.30908203125,7897.65478515625,12276.138671875,12460.892578125,10864.55078125,6302.09326171875,8587.986328125,10424.54296875,11353.6015625,11072.1845703125,11390.314453125,12461.3974609375
13477.8701171875,12607.8076171875,13213.4501953125,13164.8779296875,12700.7763671875,13444.7431640625,14009.6279296875,12254.4970703125,13484.6669921875,12109.1318359375,12717.7890625,12602.025390625,13707.9404296875,14350.7109375,10134.185546875,12060.4091796875,11006.576171875,11908.14453125,13576.0048828125,11492.5234375,12853.5078125,11318.5556640625,11471.3076171875,11408.2802734375,12975.6025390625,14424.8291015625,12895.69921875,13740.58203125,11425.8671875,13622.4443359375,12747.9912109375,12089.4443359375,12124.931640625,11408.818359375,8561.5009765625,11096.1962890625,11596.3359375,12245.67578125,11736.0283203125,12653.8232421875,11561.9453125,13894.7626953125,12007.25390625,13635.4833984375,9621.599609375,11228.8251953125,11938.9384765625,12535.736328125,11349.41796875,11649.068359375,10560.58984375,10487.431640625,10805.1953125,11091.900390625,11808.009765625,12211.4765625,11401.0458984375,12195.8427734375,12899.791015625,13136.5126953125,12260.0556640625,9877.138671875,15006.740234375,10455.0771484375,9884.517578125,10977.58203125,11792.1455078125,12205.3212890625,9384.474609375,13037.037109375,12481.69921875,3828.43139648438,12375.4296875,10679.5859375,10149.333984375,11168.14453125,11497.7529296875,13277.12890625,10377.494140625,12649.6748046875,4752.1416015625,12563.5654296875,11097.8427734375,13165.4609375,12760.2578125,9813.9716796875,11407.6767578125,11857.3408203125,13529.6171875,12273.228515625,9732.36328125,12362.3466796875,11407.1533203125,10715.3671875,11993.3662109375,11781.603515625,12015.1640625,11601.60546875,12473.6328125,12093.9609375,11929.2939453125,10714.6357421875,10707.9169921875,12404.4140625,12761.6689453125,12567.5859375,11810.341796875,13055.9130859375,11312.1640625,8179.40380859375,12172.2216796875,13201.419921875,9978.2958984375,13426.3037109375,12670.470703125,11482.7802734375,12860.1982421875,10454.80078125,11358.4970703125,11777.5341796875,8997.5244140625,10348.109375,12767.78125,13101.162109375,11845.267578125,10750.9423828125,10650.3115234375,10869.4931640625,10474.32421875,9966.8779296875,8963.1240234375,11662.0751953125,12138.197265625,12238.4912109375,13073.5341796875,12828.3564453125,13225.5576171875,10512.72265625,13054.3076171875,9072.4052734375,12403.7587890625,13307.19921875,8808.439453125,9251.7080078125,13867.48046875,13129.9296875,12174.4306640625,12311.2978515625,10695.3515625,7914.67431640625,7899.2607421875,12225.9296875,12450.5478515625,10872.5341796875,6335.67333984375,8597.3896484375,10423.2861328125,11319.2041015625,11064.4453125,11351.671875,12451.5439453125
13480.1787109375,12643.732421875,13264.2412109375,13187.94140625,12688.1064453125,13466.5859375,14127.88671875,12286.9921875,13439.509765625,12067.5322265625,12704.28515625,12585.8095703125,13749.7080078125,14362.2861328125,10159.3828125,12036.1044921875,11015.822265625,11920.18359375,13639.697265625,11513.421875,12848.9697265625,11303.2626953125,11468.7939453125,11337.390625,12959.234375,14405.2158203125,12906.8857421875,13735.501953125,11382.57421875,13659.6650390625,12767.5927734375,12075.9443359375,12091.58203125,11343.1640625,8538.181640625,11014.1435546875,11607.4267578125,12249.224609375,11727.1787109375,12673.4638671875,11559.3408203125,13877.7978515625,12020.6591796875,13657.8427734375,9620.8974609375,11219.0732421875,11938.9033203125,12538.765625,11316.6982421875,11629.56640625,10556.51171875,10471.798828125,10766.4091796875,11035.0791015625,11837.8564453125,12211.04296875,11401.2314453125,12200.3359375,12913.1123046875,13128.2158203125,12257.529296875,9872.89453125,15078.1005859375,10458.29296875,9905.044921875,10980.65234375,11825.201171875,12208.3740234375,9425.8984375,13050.783203125,12473.0908203125,3802.95629882812,12349.5224609375,10658.98828125,10175.7333984375,11167.8203125,11488.689453125,13280.46875,10375.876953125,12661.9375,4754.28759765625,12578.16015625,11089.1748046875,13173.818359375,12775.1220703125,9812.5185546875,11441.2939453125,11786.8798828125,13604.078125,12314.42578125,9686.6015625,12414.212890625,11443.6728515625,10714.7353515625,12047.568359375,11710.7431640625,12018.0771484375,11625.380859375,12391.2060546875,12096.0888671875,11925.4267578125,10700.01953125,10682.1875,12388.6123046875,12804.306640625,12616.0185546875,11767.57421875,13036.267578125,11307.9951171875,8181.369140625,12213.69921875,13209.3408203125,9980.2919921875,13338.3984375,12705.791015625,11431.5673828125,12863.189453125,10448.9033203125,11350.3876953125,11770.59765625,8964.208984375,10373.2451171875,12782.04296875,13081.8984375,11861.7373046875,10712.232421875,10652.62890625,10837.46875,10460.9443359375,9958.8623046875,8958.16796875,11685.654296875,12136.5078125,12177.9296875,13077.30859375,12809.6435546875,13271.2900390625,10529.5185546875,13045.6923828125,9088.857421875,12390.935546875,13288.30078125,8759.9384765625,9253.6728515625,13856.9638671875,13144.1591796875,12182.455078125,12347.8046875,10652.3916015625,7921.3798828125,7892.01220703125,12207.95703125,12470.2197265625,10875.740234375,6366.00146484375,8599.0751953125,10409.6279296875,11236.7451171875,11003.2275390625,11354.66015625,12412.2958984375
13463.3291015625,12740.3154296875,13302.4013671875,13170.1376953125,12676.763671875,13470.9677734375,14202.8681640625,12307.6689453125,13445.3154296875,12034.591796875,12696.259765625,12591.2841796875,13760.4501953125,14410.458984375,10139.4677734375,12015.3173828125,11067.236328125,11919.931640625,13669.1884765625,11491.6796875,12849.6962890625,11275.953125,11419.3486328125,11276.4462890625,13011.8447265625,14406.05078125,12886.2421875,13716.0478515625,11358.25,13711.4296875,12774.701171875,12083.8779296875,12049.3154296875,11349.8779296875,8538.6533203125,11000.568359375,11582.5283203125,12280.1396484375,11696.5986328125,12671.099609375,11543.0380859375,13840.8681640625,12043.197265625,13672.3671875,9618.0888671875,11194.8544921875,11947.8447265625,12557.8544921875,11285.7509765625,11644.9306640625,10534.8935546875,10461.24609375,10742.9091796875,10994.7744140625,11888.8046875,12226.787109375,11383.7744140625,12207.4560546875,12915.8984375,13092.3544921875,12255.0810546875,9874.03515625,15084.626953125,10452.373046875,9925.3671875,10980.4951171875,11855.779296875,12203.7880859375,9445.6435546875,13037.6279296875,12482.138671875,3769.962890625,12423.9609375,10644.853515625,10226.9658203125,11163.2109375,11495.2861328125,13266.0810546875,10355.2939453125,12674.8134765625,4757.697265625,12627.8017578125,11063.2568359375,13132.7783203125,12761.6640625,9805.63671875,11485.3525390625,11768.4814453125,13638.0546875,12312.3330078125,9652.0537109375,12438.6005859375,11482.7373046875,10726.5361328125,12078.2763671875,11676.4013671875,12014.0166015625,11602.15625,12369.2568359375,12096.712890625,11928.19921875,10667.7578125,10676.4052734375,12368.3427734375,12841.0625,12684.2890625,11765.314453125,13005.2763671875,11328.373046875,8222.6083984375,12199.4169921875,13209.1064453125,9977.943359375,13263.4951171875,12700.2177734375,11386.4296875,12913.3984375,10432.2373046875,11347.1708984375,11747.6259765625,8946.720703125,10416.16796875,12772.7314453125,13040.205078125,11822.0283203125,10686.3916015625,10636.0771484375,10822.7060546875,10484.3974609375,9974.2998046875,8960.2822265625,11705.5498046875,12142.4599609375,12121.2333984375,13093.3662109375,12829.03125,13321.60546875,10541.2392578125,13039.3984375,9092.1474609375,12367.5546875,13261.0078125,8756.099609375,9256.814453125,13884.1376953125,13089.8828125,12255.5283203125,12380.6259765625,10653.025390625,7905.755859375,7877.3798828125,12236.486328125,12500.5732421875,10866.748046875,6376.685546875,8597.138671875,10389.84375,11172.3466796875,10939.6875,11379.697265625,12393.1181640625
13462.8818359375,12852.2373046875,13298.2490234375,13124.8759765625,12664.9951171875,13460.181640625,14188.001953125,12316.3974609375,13526.6142578125,12034.4306640625,12698.5029296875,12627.4482421875,13756.0771484375,14484.16796875,10115.48046875,12034.083984375,11149.3173828125,11872.255859375,13647.9560546875,11449.68359375,12872.3125,11266.232421875,11353.4951171875,11299.2080078125,13087.0419921875,14409.3291015625,12850.1806640625,13675.97265625,11374.671875,13717.4560546875,12764.953125,12107.4658203125,12042.35546875,11427.044921875,8541.5400390625,11066.5859375,11560.0810546875,12316.21875,11688.220703125,12634.798828125,11521.603515625,13788.26953125,12043.666015625,13663.2861328125,9618.9150390625,11188.60546875,11961.3935546875,12562.5859375,11280.8408203125,11649.5546875,10508.1962890625,10450.986328125,10763.54296875,10997.193359375,11929.7685546875,12237.1591796875,11360.173828125,12218.9345703125,12911.5419921875,13030.1484375,12249.1435546875,9878.7978515625,15050.6328125,10452.3046875,9927.318359375,10979.32421875,11842.564453125,12204.6279296875,9439.1005859375,13011.7001953125,12506.3173828125,3754.26733398438,12611.435546875,10651.8837890625,10249.0380859375,11160.0322265625,11512.2958984375,13240.1533203125,10345.5107421875,12684.376953125,4774.65771484375,12650.8115234375,11046.66015625,13070.23046875,12746.1728515625,9784.1845703125,11487.0185546875,11852.658203125,13602.81640625,12275.6923828125,9653.8974609375,12444.8662109375,11531.7373046875,10759.9189453125,12060.310546875,11727.58984375,11980.8076171875,11554.765625,12460.216796875,12092.0810546875,11932.34765625,10645.1279296875,10713.2900390625,12346.4482421875,12866.1953125,12721.9716796875,11852.439453125,13017.9453125,11350.333984375,8253.7021484375,12165.38671875,13228.8359375,9977.232421875,13302.4453125,12746.3447265625,11437.5341796875,13014.0537109375,10424.607421875,11347.822265625,11740.58203125,8955.4462890625,10443.0322265625,12752.39453125,13020.146484375,11755.9033203125,10711.287109375,10604.34375,10827.29296875,10504.296875,10001.6015625,8971.6005859375,11726.3701171875,12154.2578125,12136.330078125,13082.8359375,12878.646484375,13326.837890625,10517.6201171875,13040.5712890625,9105.6513671875,12423.037109375,13259.9833984375,8796.953125,9277.10546875,13957.17578125,13001.876953125,12335.7373046875,12376.0654296875,10695.3369140625,7899.3544921875,7864.228515625,12278.4814453125,12508.2275390625,10849.3759765625,6364.990234375,8596.9375,10374.392578125,11169.6748046875,10906.001953125,11396.5478515625,12439.8720703125
13483.935546875,12913.857421875,13254.884765625,13074.5107421875,12624.4970703125,13439.908203125,14121.841796875,12317.3876953125,13631.0078125,12057.4150390625,12693.216796875,12669.33984375,13752.1103515625,14539.28125,10131.2470703125,12077.4296875,11220.794921875,11794.8115234375,13591.2890625,11438.203125,12898.1318359375,11301.53125,11310.96875,11402.6513671875,13110.7490234375,14401.810546875,12834.5703125,13643.908203125,11410.482421875,13653.6591796875,12728.6923828125,12152.3681640625,12086.6484375,11504.69140625,8520.478515625,11145.4404296875,11587.341796875,12322.6181640625,11708.193359375,12587.2841796875,11507.994140625,13750.509765625,12005.3603515625,13637.4697265625,9631.916015625,11225.4892578125,11966.2177734375,12535.01171875,11311.6328125,11617.98046875,10486.6689453125,10449.1806640625,10812.2294921875,11043.3193359375,11936.46875,12235.677734375,11347.5595703125,12217.294921875,12904.40234375,12973.3154296875,12242.7626953125,9885.865234375,15041.0478515625,10470.8935546875,9905.65234375,10981.5166015625,11788.1708984375,12216.0078125,9425.4716796875,12992.234375,12521.419921875,3760.7685546875,12816.6279296875,10668.0166015625,10224.7783203125,11166.630859375,11517.3466796875,13226.5966796875,10365.1865234375,12682.8662109375,4808.06884765625,12649.6728515625,11059.5244140625,13021.89453125,12752.3466796875,9733.7373046875,11433.0390625,12010.6748046875,13530.2939453125,12236.7685546875,9666.783203125,12425.7802734375,11571.537109375,10790.4521484375,12019.43359375,11838.1396484375,11927.736328125,11519.091796875,12628.3154296875,12074.75,11932.802734375,10647.03125,10772.82421875,12309.30078125,12885.6416015625,12701.8486328125,11991.9345703125,13088.4541015625,11342.9453125,8232.9619140625,12156.8046875,13271.375,9982.78125,13436.7138671875,12862.294921875,11584.150390625,13116.24609375,10430.96484375,11343.1435546875,11752.494140625,8970.373046875,10420.3388671875,12747.9091796875,13069.3095703125,11724.9384765625,10770.5546875,10574.7158203125,10823.44921875,10479.8916015625,10025.9150390625,8984.572265625,11751.98828125,12171.66015625,12217.8017578125,13032.4345703125,12902.935546875,13277.2744140625,10462.544921875,13045.9072265625,9129.396484375,12546.810546875,13310.9521484375,8829.9921875,9307.59375,14030.9228515625,12940.26953125,12354.5146484375,12341.400390625,10741.8408203125,7924.3173828125,7858.9462890625,12299.0625,12481.9658203125,10833.6630859375,6338.41845703125,8593.2236328125,10364.755859375,11206.9658203125,10891.923828125,11393.19921875,12527.8349609375
13494.564453125,12889.1416015625,13205.9755859375,13036.248046875,12543.8369140625,13410.59765625,14067.7783203125,12302.43359375,13673.6806640625,12076.259765625,12666.9189453125,12680.02734375,13741.9169921875,14536.0849609375,10177.255859375,12096.802734375,11236.6396484375,11750.544921875,13537.64453125,11471.5703125,12896.8876953125,11364.6806640625,11305.7744140625,11493.9580078125,13060.4638671875,14395.9033203125,12856.806640625,13656.748046875,11426.6640625,13565.7060546875,12669.9296875,12218.9619140625,12151.6689453125,11520.009765625,8486.8251953125,11167.9443359375,11661.525390625,12292.333984375,11718.3408203125,12567.7998046875,11506.39453125,13759.3720703125,11953.6630859375,13620.7939453125,9651.9931640625,11277.09375,11952.1220703125,12494.6484375,11362.2734375,11586.857421875,10475.435546875,10468.6181640625,10828.080078125,11104.7939453125,11908.6474609375,12234.0859375,11350.0078125,12187.23828125,12892.3037109375,12957.42578125,12236.904296875,9890.0078125,15073.1123046875,10493.564453125,9878.1865234375,10996.2578125,11745.8779296875,12230.2275390625,9418.3076171875,12987.7607421875,12508.216796875,3775.11059570312,12901.45703125,10666.9287109375,10189.869140625,11183.0908203125,11498.4541015625,13241.8046875,10397.3046875,12665.6572265625,4840.0478515625,12681.4765625,11094.16015625,13007.029296875,12773.5283203125,9664.4140625,11371.1220703125,12148.689453125,13476.1123046875,12220.017578125,9650.8583984375,12368.515625,11561.947265625,10784.8720703125,12005.6318359375,11925.4921875,11899.767578125,11508.166015625,12770.6220703125,12046.5703125,11932.0234375,10663.3359375,10802.4033203125,12261.6357421875,12896.0205078125,12642.490234375,12086.4501953125,13157.5205078125,11301.6904296875,8175.1865234375,12175.1220703125,13293.2138671875,9986.89453125,13539.5107421875,12932.1923828125,11715.8515625,13153.453125,10438.228515625,11324.7978515625,11755.30078125,8968.3330078125,10355.44140625,12761.5234375,13162.4921875,11754.2421875,10809.9404296875,10563.8154296875,10792.2880859375,10421.8818359375,10036.79296875,8988.2119140625,11765.5283203125,12191.01171875,12286.1796875,12979.6630859375,12854.2490234375,13221.7744140625,10414.8125,13045.6923828125,9142.2685546875,12605.5244140625,13390.8623046875,8806.4814453125,9321.9599609375,14045.3974609375,12938.6015625,12295.6953125,12311.2626953125,10752.88671875,7967.65625,7860.24609375,12303.34375,12446.5126953125,10823.93359375,6307.140625,8573.6669921875,10355.9814453125,11226.28125,10869.1845703125,11381.0234375,12570.388671875
13472.869140625,12797.7470703125,13174.8125,13017.1689453125,12457.7080078125,13378.236328125,14041.0380859375,12263.7841796875,13618.5703125,12073.1669921875,12633.1015625,12649.2578125,13714.7626953125,14476.82421875,10203.4580078125,12066.173828125,11189.8427734375,11784.0712890625,13516.2958984375,11502.3857421875,12855.0439453125,11401.8076171875,11321.79296875,11482.2529296875,12986.224609375,14408.5859375,12893.5341796875,13714.3193359375,11406.6171875,13522.52734375,12609.3935546875,12280.3466796875,12189.9228515625,11476.7138671875,8480.771484375,11130.498046875,11724.9111328125,12255.0126953125,11683.9453125,12590.0322265625,11507.8671875,13804.6201171875,11934.1396484375,13626.7255859375,9662.669921875,11278.5244140625,11921.048828125,12477.55859375,11400.0078125,11612.13671875,10475.556640625,10500.669921875,10768.70703125,11141.892578125,11869.2861328125,12242.1533203125,11352.8583984375,12143.6748046875,12867.880859375,12980.259765625,12225.3818359375,9883.81640625,15095.6298828125,10493.990234375,9872.4677734375,11030.7978515625,11765.548828125,12233.974609375,9412.3046875,12995.3740234375,12473.8486328125,3780.00732421875,12804.158203125,10637.7041015625,10186.875,11193.2373046875,11470.7646484375,13273.25390625,10405.0986328125,12640.2099609375,4845.47314453125,12769.3916015625,11121.470703125,13026,12777.4033203125,9624.5234375,11361.9931640625,12180.3046875,13469.2099609375,12230.892578125,9603.1279296875,12300.451171875,11489.2998046875,10741.4033203125,12038.1455078125,11923.90625,11931.9970703125,11509.345703125,12803.5361328125,12022.5302734375,11933.662109375,10674.8212890625,10766.85546875,12236.3486328125,12879.4521484375,12591.87890625,12071.3359375,13147.060546875,11254.55859375,8136.59228515625,12182.2998046875,13248.4541015625,9980.63671875,13507.302734375,12834.4892578125,11719.1533203125,13092.2001953125,10436.775390625,11295.3876953125,11729.8095703125,8951.00390625,10294.984375,12766.087890625,13198.2841796875,11805.4453125,10798.548828125,10573.2294921875,10749.5556640625,10380.9814453125,10030.171875,8980.9775390625,11739.81640625,12202.41796875,12270.2138671875,12975.576171875,12746.0908203125,13215.7119140625,10407.630859375,13037.0361328125,9132.119140625,12488.251953125,13438.8251953125,8736.6748046875,9305.0458984375,13985.5654296875,12983.5029296875,12208.337890625,12306.5009765625,10722.5986328125,7995.10107421875,7862.255859375,12318.06640625,12436.02734375,10815.8095703125,6281.681640625,8536.453125,10348.603515625,11197.60546875,10830.1123046875,11376.14453125,12509.3349609375
13443.7890625,12697.1904296875,13148.93359375,13018.7236328125,12422.51953125,13365.5986328125,14016.1279296875,12218.1669921875,13511.6748046875,12052.908203125,12621.513671875,12605.7998046875,13685.0537109375,14406.5380859375,10183.5107421875,12011.8251953125,11124.576171875,11872.2314453125,13523.015625,11475.3046875,12784.9306640625,11380.984375,11338.59375,11379.771484375,12956.0751953125,14430.51171875,12901.30859375,13770.5849609375,11369.58984375,13544.673828125,12568.880859375,12291.0048828125,12184.3095703125,11426.4619140625,8517.107421875,11083.5517578125,11721.8525390625,12242.345703125,11618.162109375,12624.41796875,11501.1416015625,13833.783203125,11963.5341796875,13637.5029296875,9654.7685546875,11201.634765625,11887.8125,12495.216796875,11400.462890625,11691.703125,10484.2734375,10513.7451171875,10669.412109375,11133.5166015625,11846.111328125,12252.7783203125,11339.7880859375,12126.0107421875,12831.2158203125,13002.1181640625,12205.0361328125,9865.5546875,15060.5908203125,10470.5732421875,9898.267578125,11075.1025390625,11836.0966796875,12221.5224609375,9401.07421875,13008.2265625,12443.7255859375,3770.14135742188,12598.572265625,10600.9091796875,10217.4072265625,11176.4248046875,11461.5224609375,13287.796875,10373.4296875,12623.8623046875,4819.19140625,12851.1806640625,11118.8623046875,13068.412109375,12742.9033203125,9662.859375,11413.9169921875,12092.658203125,13499.1904296875,12262.83984375,9563.3212890625,12291.341796875,11397.71875,10696.3154296875,12084.7490234375,11842.06640625,12005.38671875,11510.099609375,12728.3623046875,12017.248046875,11934.4140625,10675.8193359375,10688.703125,12260.869140625,12828.322265625,12585.8857421875,11973.0302734375,13050.1142578125,11232.0078125,8152.50390625,12153.015625,13155.6845703125,9971.7578125,13366.6513671875,12609.689453125,11593.5224609375,12958.7353515625,10434.1630859375,11267.3232421875,11695.2314453125,8939.892578125,10280.744140625,12743.529296875,13102.5048828125,11825.3603515625,10760.92578125,10589.5126953125,10728.7626953125,10388.71484375,10010.0126953125,8975.48046875,11671.9951171875,12196.0380859375,12184.0078125,13025.2373046875,12648.0751953125,13258.6611328125,10433.0400390625,13030.4892578125,9112.6337890625,12255.3251953125,13413.677734375,8680.51171875,9273.4873046875,13896.404296875,13040.0244140625,12154.1962890625,12315.755859375,10682.8173828125,7988.34228515625,7860.75244140625,12341.0234375,12456.4501953125,10805.8046875,6273.06494140625,8499.2490234375,10351.25390625,11144.0087890625,10796.126953125,11381.7177734375,12388.21875
13453.056640625,12641.1298828125,13107.1923828125,13040.56640625,12462.28515625,13397.859375,13991.6318359375,12201.923828125,13434.7998046875,12035.27734375,12646.1357421875,12588.751953125,13686.9033203125,14375.740234375,10147.005859375,11984.5283203125,11098.697265625,11945.1787109375,13531.619140625,11399.8564453125,12717.2314453125,11333.1689453125,11354.087890625,11293.6943359375,12990.9873046875,14433.5390625,12862.4033203125,13778.15234375,11348.48046875,13592.134765625,12557.2529296875,12229.5869140625,12163.291015625,11406.5888671875,8557.69140625,11067.81640625,11655.9892578125,12254.1943359375,11572.376953125,12629.4150390625,11486.4248046875,13809.216796875,12011.9169921875,13625.8408203125,9637.3720703125,11099.8359375,11871.865234375,12524.2685546875,11369.1796875,11753.1279296875,10494.294921875,10488.8896484375,10620.427734375,11094.4306640625,11849.4228515625,12252.2958984375,11313.89453125,12157.8232421875,12800.5908203125,12994.4443359375,12188.3203125,9844.1064453125,14993.1103515625,10453.1279296875,9933.9560546875,11099.958984375,11892.0361328125,12202.3291015625,9396.0400390625,13019.81640625,12434.908203125,3754.17236328125,12437.0791015625,10592.767578125,10248.5634765625,11134.099609375,11480.4677734375,13264.5390625,10328.7578125,12629.826171875,4785.51416015625,12837.384765625,11091.6552734375,13115.0830078125,12691.2080078125,9769.6640625,11473.9853515625,11951.71875,13541.4423828125,12302.4423828125,9569.533203125,12380.4677734375,11357.5087890625,10688.2021484375,12097.48046875,11752.3857421875,12060.123046875,11514.826171875,12615.8486328125,12029.328125,11929.787109375,10676.4111328125,10633.6171875,12321.5390625,12771.435546875,12619.556640625,11874.4794921875,12952.658203125,11238.6689453125,8200.2685546875,12109.6591796875,13100.9697265625,9981.353515625,13242.775390625,12450.1923828125,11451.076171875,12825.232421875,10441.5498046875,11251.25,11689.4833984375,8948.2060546875,10311.361328125,12715.8671875,12930.9873046875,11812.2080078125,10743.4140625,10598.591796875,10744.513671875,10424.7685546875,9989.5498046875,8986.9072265625,11600.5283203125,12174.5009765625,12113.7333984375,13076.8564453125,12627.4873046875,13297.8466796875,10453.3095703125,13038.1826171875,9105.9033203125,12103.5234375,13338.2548828125,8683.708984375,9259.5947265625,13839.1904296875,13087.6875,12148.673828125,12318.5625,10670.2001953125,7963.6552734375,7856.552734375,12333.11328125,12479.8759765625,10799.455078125,6287.1015625,8484.634765625,10368.8310546875,11105.6416015625,10790.0908203125,11389.60546875,12317.908203125
13507.1298828125,12647.4736328125,13064.240234375,13076.58203125,12543.5302734375,13471.021484375,14008.21875,12233.6123046875,13432.662109375,12037.775390625,12689.505859375,12609.130859375,13733.6640625,14398.94921875,10138.9560546875,12007.962890625,11128.357421875,11954.1884765625,13527.5869140625,11350.212890625,12686.212890625,11320.619140625,11379.4130859375,11311.490234375,13055.7470703125,14410.658203125,12808.0205078125,13738.9716796875,11358.638671875,13619.3076171875,12570.275390625,12131.9189453125,12167.958984375,11412.0966796875,8553.533203125,11079.1630859375,11586.7314453125,12266.9658203125,11584.4423828125,12597.94921875,11474.9482421875,13757.34375,12036.5048828125,13592.3388671875,9627.4072265625,11064.044921875,11883.3994140625,12537.724609375,11337.875,11730.7919921875,10495.986328125,10450.2353515625,10674.8232421875,11062.591796875,11865.048828125,12241.390625,11296.0126953125,12217.3291015625,12804.298828125,12976.7548828125,12196.9541015625,9833.6494140625,14966.8466796875,10467.51171875,9944.884765625,11082.3466796875,11880.7861328125,12193.5859375,9415.24609375,13024.8583984375,12442.14453125,3745.71411132812,12430.1904296875,10631.1279296875,10257.4658203125,11099.966796875,11510.3115234375,13218.9306640625,10313.087890625,12654.55859375,4776.1513671875,12715.0693359375,11067.765625,13139.1484375,12673.3583984375,9868.263671875,11485.9111328125,11850.1416015625,13581.2646484375,12328.796875,9617.0751953125,12508.84375,11397.595703125,10720.390625,12062.0986328125,11725.7431640625,12056.0234375,11532.6279296875,12537.591796875,12043.1923828125,11927.751953125,10684.87109375,10650.3681640625,12373.462890625,12761.4775390625,12656.224609375,11834.7646484375,12952.6123046875,11259.0966796875,8228.4423828125,12098.3408203125,13156.51171875,10017.9033203125,13232.8203125,12502.224609375,11405.7119140625,12766.8798828125,10453.013671875,11246.8095703125,11723.9833984375,8967.240234375,10349.98828125,12723.4033203125,12838.15234375,11817.1279296875,10758.625,10599.4658203125,10779.0966796875,10447.7470703125,9985.2060546875,9015.3212890625,11577.6162109375,12156.5244140625,12128.4130859375,13074.9267578125,12694.6337890625,13293.3984375,10445.611328125,13055.5283203125,9115.5146484375,12171.1787109375,13280.9189453125,8731.4375,9275.7470703125,13839.134765625,13127.37890625,12159.3388671875,12315.8349609375,10688.7646484375,7952.12255859375,7854.20458984375,12270.263671875,12476.98046875,10805.2890625,6315.4033203125,8496.4619140625,10391.4990234375,11092.6728515625,10806.6416015625,11393.439453125,12364.3837890625
13556.1025390625,12694.5068359375,13068.109375,13110.3544921875,12605.7939453125,13543.3359375,14084.3681640625,12287.6640625,13487.3486328125,12062.9033203125,12721.037109375,12643.5927734375,13792.4423828125,14445.8798828125,10161.7373046875,12059.37890625,11173.5615234375,11911.67578125,13522.4052734375,11383.6611328125,12710.72265625,11365.033203125,11418.1123046875,11408.4482421875,13103.9873046875,14392.8779296875,12790.9716796875,13702.8623046875,11387.9765625,13622.95703125,12596.4912109375,12070.0380859375,12206.388671875,11424.630859375,8507.765625,11092.8408203125,11570.8740234375,12268.73046875,11641.2890625,12564.0302734375,11473.7373046875,13742.5078125,12025.5546875,13570.279296875,9630.93359375,11132.248046875,11912.9873046875,12535.0908203125,11335.9609375,11645.4765625,10483.234375,10445.5498046875,10787.271484375,11066.4111328125,11870.07421875,12237.6201171875,11300.0166015625,12256.4873046875,12854.9169921875,12992.138671875,12237.8212890625,9841.546875,15012.3310546875,10502.3720703125,9918.82421875,11034.94140625,11816.3447265625,12201.6279296875,9454.4404296875,13021.9931640625,12450.0185546875,3752.98901367188,12567.646484375,10696.2734375,10253.25390625,11112.109375,11527.1201171875,13190.4150390625,10339.5439453125,12678.5224609375,4799.376953125,12573.1611328125,11072.0810546875,13121.4033203125,12721.6416015625,9882.71875,11447.787109375,11845.0146484375,13613.65625,12320.8583984375,9667.0810546875,12558.072265625,11475.0390625,10761.1748046875,12006.9365234375,11773.9375,12011.82421875,11556.775390625,12517.970703125,12046.4443359375,11947.5546875,10695.0751953125,10723.3466796875,12387.13671875,12825.2158203125,12662.421875,11851.328125,13057.4716796875,11282.1748046875,8214.638671875,12135.240234375,13299.8095703125,10059.7998046875,13322.9619140625,12702.12109375,11473.2236328125,12816.2529296875,10449.2626953125,11245.3681640625,11768.474609375,8982.5810546875,10364.8466796875,12772.359375,12922.50390625,11876.4365234375,10775.12109375,10602.5673828125,10803.8564453125,10444.9970703125,10002.4033203125,9041.84765625,11620.6845703125,12160.8525390625,12212.30859375,13017.3564453125,12799.58203125,13265.751953125,10426.1279296875,13060.6513671875,9125.6201171875,12397.4140625,13291.603515625,8769.8564453125,9301.0966796875,13875.1220703125,13159.7705078125,12155.111328125,12326.4140625,10706.4091796875,7965.2919921875,7857.59375,12186.44921875,12449.0078125,10821.57421875,6336.93359375,8514.90625,10400.14453125,11082.5888671875,10813.9345703125,11393.337890625,12481.419921875
13547.416015625,12742.076171875,13144.5576171875,13123.341796875,12615.1259765625,13569.796875,14160.8623046875,12316.1337890625,13554.4052734375,12097.9365234375,12726.8671875,12664.51953125,13811.5078125,14471.9345703125,10177.0966796875,12098.3154296875,11184.0048828125,11865.4658203125,13531.720703125,11471.4248046875,12778.2412109375,11420.8046875,11458.8857421875,11481.9375,13121.8486328125,14414.6064453125,12832.5,13713.4892578125,11413.060546875,13626.82421875,12621.0625,12089.6640625,12243.3310546875,11446.890625,8477.1318359375,11100.3251953125,11610.6640625,12271.71875,11693.1845703125,12560.9931640625,11474.677734375,13788.6552734375,12002.6484375,13588.8408203125,9637.9736328125,11251.4912109375,11936.111328125,12533.439453125,11363.4228515625,11589.4638671875,10458.619140625,10492.189453125,10857.2001953125,11101.517578125,11857.4169921875,12254.38671875,11315.517578125,12250.3310546875,12930.5888671875,13050.3623046875,12288.4638671875,9860.7001953125,15073.4140625,10521.40234375,9881.322265625,11000.365234375,11759.5576171875,12211.185546875,9481.6435546875,13016.0859375,12452.916015625,3774.74340820312,12739.4384765625,10746.109375,10253.236328125,11170.2431640625,11525.197265625,13203.4267578125,10378.6650390625,12679.6796875,4834.35546875,12516.3876953125,11104.6376953125,13072.24609375,12814.0283203125,9815.9287109375,11405.8857421875,11928.74609375,13633.3623046875,12275.4326171875,9691.0595703125,12476.4990234375,11516.61328125,10776.826171875,11968.2529296875,11849.365234375,11979.40625,11566.4697265625,12540.1484375,12041.439453125,11997.23046875,10694.8271484375,10785.7998046875,12376.9970703125,12927.458984375,12634.0478515625,11890.69140625,13171.4951171875,11306.484375,8184.5263671875,12186.0458984375,13428.802734375,10072.4912109375,13423.744140625,12838.76171875,11577.89453125,12942.6484375,10423.5263671875,11240.76171875,11783.9267578125,8994.96484375,10356.3623046875,12817.9404296875,13113.716796875,11956.9775390625,10760.662109375,10614.775390625,10806.734375,10438.3154296875,10026.365234375,9046.1748046875,11693.1396484375,12182.6513671875,12288.513671875,12952.9921875,12875.1318359375,13267.4970703125,10425.0146484375,13037.1826171875,9124.8564453125,12588.9404296875,13357.8564453125,8766.8037109375,9306.4228515625,13908.7880859375,13169.9521484375,12140.7265625,12354.357421875,10689.9111328125,7984.8232421875,7865.76220703125,12143.369140625,12422.5576171875,10834.2470703125,6335.52001953125,8517.1044921875,10383.978515625,11055.9755859375,10785.431640625,11388.2490234375,12562.5419921875
13489.91015625,12762.6435546875,13255.1826171875,13113.923828125,12588.2265625,13546.5498046875,14149.4658203125,12298.6591796875,13609.388671875,12126.2001953125,12717.67578125,12669.5546875,13774.3994140625,14458.7861328125,10164.7734375,12107.4638671875,11157.158203125,11845.2421875,13547.8671875,11527.330078125,12849.283203125,11427.2744140625,11489.564453125,11468.25390625,13128.826171875,14468.76953125,12897.6396484375,13762.1123046875,11421.4638671875,13634.9033203125,12632.4208984375,12169.0869140625,12235.3037109375,11493.4765625,8504.5849609375,11108.501953125,11657.390625,12287.09375,11701.6904296875,12582.294921875,11463.6748046875,13844.3291015625,11993.5859375,13638.6708984375,9634.9013671875,11331.3466796875,11933.4306640625,12536.0556640625,11392.037109375,11627.9091796875,10432.91015625,10551.0830078125,10832.6474609375,11137.337890625,11843.8193359375,12282.0732421875,11321.6708984375,12221.0634765625,12986.86328125,13111.86328125,12313.3935546875,9874.396484375,15070.751953125,10507.009765625,9871.232421875,11007.3671875,11750.103515625,12199.0810546875,9469.0986328125,13013.3505859375,12458.005859375,3803.0341796875,12826.9521484375,10752.0244140625,10253.5390625,11228.3251953125,11517.953125,13241.51953125,10389.9599609375,12649.5654296875,4855.45556640625,12564.62890625,11141.0576171875,13030.3544921875,12891.0302734375,9749.30078125,11397.046875,12042.8642578125,13636.8037109375,12215.9736328125,9697.6328125,12350.8671875,11489.0458984375,10759.4736328125,11957.2568359375,11894.5888671875,11985.7626953125,11550.041015625,12576.39453125,12037.9501953125,12055.154296875,10683.0166015625,10782.2734375,12379.2685546875,12993.9296875,12592.6162109375,11934.06640625,13188.8505859375,11323.1640625,8175.640625,12201.2490234375,13461.173828125,10045.4541015625,13464.798828125,12774,11638.7880859375,13071.181640625,10395.07421875,11236.4951171875,11763.1650390625,9016.041015625,10346.359375,12809.5087890625,13235.5185546875,11984.72265625,10722.94140625,10628.2421875,10796.0341796875,10445.50390625,10032.2734375,9028.705078125,11735.1650390625,12190.8330078125,12300.5908203125,12927.2216796875,12883.630859375,13314.3701171875,10444.5859375,12996.83984375,9120.6982421875,12611.5029296875,13422.95703125,8740.80078125,9287.8046875,13913.4091796875,13141.328125,12137.1640625,12371.7109375,10641.7890625,7985.525390625,7872.99658203125,12157.9345703125,12415.849609375,10831.0205078125,6317.55029296875,8500.115234375,10351.1376953125,11019.83203125,10730.39453125,11371.6611328125,12552.03515625
13450.0087890625,12761.634765625,13327.4599609375,13105.6650390625,12570.06640625,13513.3330078125,14042.978515625,12263.5654296875,13655.359375,12141.34375,12709.5341796875,12676.8984375,13718.123046875,14427.3583984375,10156.7822265625,12102.66015625,11142.6484375,11843.0029296875,13546.0830078125,11505.13671875,12888.357421875,11378.130859375,11510.55078125,11404.236328125,13145.892578125,14510.6484375,12927.0673828125,13800.6318359375,11419.2587890625,13623.947265625,12634.6201171875,12244.4384765625,12174.6650390625,11556.9892578125,8565.9140625,11114.544921875,11660.5654296875,12301.193359375,11672.916015625,12593.337890625,11440.7392578125,13840.7685546875,12000.4091796875,13681.787109375,9618.8671875,11326.111328125,11909.8154296875,12525.4091796875,11394.109375,11727.1435546875,10418.9013671875,10562.7958984375,10760.3095703125,11145.29296875,11850.83984375,12295.3505859375,11316.2373046875,12209.603515625,12992.7578125,13133.734375,12297.5908203125,9870.6201171875,14998.4208984375,10481.384765625,9899.5126953125,11037.208984375,11770.2578125,12163.283203125,9426.7138671875,13012.2001953125,12470.5068359375,3828.73022460938,12785.287109375,10721.59375,10238.169921875,11239.2265625,11517.5458984375,13263.1220703125,10363.1962890625,12601.5771484375,4857.41357421875,12646.662109375,11153.1640625,13027.6181640625,12909.2421875,9758.5546875,11410.2626953125,12118.4970703125,13630.6162109375,12175.82421875,9712.6748046875,12324.15625,11425.2734375,10724.8671875,11962.884765625,11891.1474609375,12010.8740234375,11519.8359375,12604.82421875,12038.5234375,12084.06640625,10672.9990234375,10719.53515625,12407.8408203125,12976.4404296875,12561.8212890625,11982.5234375,13095.1826171875,11312.1064453125,8194.5263671875,12166.9541015625,13407.55078125,10007.06640625,13444.4150390625,12575.08984375,11636.1875,13131.2333984375,10389.529296875,11242.953125,11732.3984375,9045.4140625,10349.734375,12748.1640625,13185.1240234375,11927.25390625,10699.4755859375,10626.9833984375,10783.5166015625,10454.51953125,10009.771484375,9012.376953125,11713.673828125,12157.734375,12260.9375,12941.232421875,12833.818359375,13359.962890625,10454.3466796875,12973.9404296875,9125.28125,12494.5869140625,13442.2001953125,8729.4794921875,9270.115234375,13880.5263671875,13081.849609375,12142.353515625,12343.4609375,10599.427734375,7963.73681640625,7874.60009765625,12180.5205078125,12418.763671875,10814.7958984375,6308.220703125,8480.8935546875,10321.072265625,10992.66796875,10693.3251953125,11341.724609375,12491.5986328125
13479.744140625,12770.05078125,13328.8408203125,13127.5986328125,12593.4814453125,13508.1650390625,13944.6630859375,12254.5498046875,13697.71875,12152.6484375,12704.4033203125,12695.6005859375,13692.0361328125,14412.4130859375,10196.9296875,12107.83203125,11185.294921875,11839.8486328125,13519.408203125,11450.9404296875,12896.279296875,11325.447265625,11528.4453125,11369.0634765625,13169.63671875,14508.3798828125,12895.4814453125,13797.2568359375,11420.1650390625,13585.3154296875,12650.7841796875,12274.884765625,12099.6201171875,11604.5498046875,8599.7265625,11104.6669921875,11612.48046875,12291.1083984375,11647.1328125,12578.9501953125,11425.5517578125,13777.232421875,12009.5283203125,13692.73828125,9599.9091796875,11260.923828125,11891.3896484375,12491.8359375,11369.4716796875,11792.8251953125,10424.224609375,10508.275390625,10728.8837890625,11121.9951171875,11878.4853515625,12279.1123046875,11321.1240234375,12228.07421875,12957.0791015625,13117.521484375,12261.484375,9853.8046875,14935.2861328125,10479.5263671875,9936.0966796875,11045.083984375,11779.6064453125,12134.7626953125,9394.8095703125,13003.2177734375,12483.03515625,3845.68286132812,12658.2880859375,10687.6376953125,10212.009765625,11205.7412109375,11521.0400390625,13244.0654296875,10325.451171875,12565.3525390625,4854.2294921875,12684.0654296875,11131.787109375,13055.060546875,12876.06640625,9837.3505859375,11410.064453125,12119.7314453125,13626.8515625,12169.4521484375,9741.0078125,12437.93359375,11384.3515625,10691.224609375,11975.7412109375,11865.8095703125,12021.732421875,11500.162109375,12613.6689453125,12036.6005859375,12069.1845703125,10678.0576171875,10657.2060546875,12440.48046875,12894.771484375,12549.8388671875,12030.7197265625,12973.6435546875,11269.6396484375,8216.4609375,12116.904296875,13340.9404296875,9997.5126953125,13402.943359375,12423.6669921875,11603.2998046875,13100.8046875,10408.5400390625,11267.5859375,11717.2421875,9062.65625,10362.900390625,12689.078125,13035.7685546875,11833.6845703125,10712.7578125,10605.7060546875,10772.58984375,10443.54296875,9977.1220703125,9019.4111328125,11644.546875,12093.728515625,12221.66796875,12966.9345703125,12765.560546875,13346.779296875,10430.689453125,12993.7216796875,9135.0751953125,12357.5205078125,13418.091796875,8740.9130859375,9278.0458984375,13816.623046875,13028.4541015625,12130.2216796875,12268.458984375,10597.0859375,7939.70068359375,7873.2138671875,12157.8203125,12410.0625,10799.0029296875,6326.34716796875,8475.884765625,10307.4150390625,10980.2041015625,10719.7001953125,11313.7900390625,12458.685546875
13557.330078125,12811.8955078125,13300.3623046875,13180.849609375,12658.0478515625,13526.0400390625,13960.4130859375,12281.0205078125,13728.3427734375,12174.92578125,12693.5634765625,12709.75390625,13704.0927734375,14425.8388671875,10275.5703125,12127.2001953125,11270.0146484375,11835.7958984375,13496.470703125,11447.6748046875,12906.791015625,11316.669921875,11539.927734375,11387.7529296875,13175.884765625,14477.625,12837.6787109375,13770.5380859375,11429.8408203125,13552.5654296875,12702.7021484375,12277.45703125,12062.5537109375,11615.3798828125,8584.69140625,11082.947265625,11550.6962890625,12261.1181640625,11658.7373046875,12565.294921875,11437.873046875,13727.6123046875,12013.9921875,13680.912109375,9591.7607421875,11191.1640625,11900.125,12456.8623046875,11343.392578125,11775.330078125,10447.5810546875,10428.7421875,10773.7080078125,11088.908203125,11902.7060546875,12243.8837890625,11353.1904296875,12247.642578125,12918.3994140625,13097.580078125,12240.5458984375,9842.98046875,14953.2763671875,10508.3623046875,9941.6982421875,11016.7998046875,11772.8671875,12151.443359375,9401.9443359375,12982.9677734375,12483.9697265625,3852.34130859375,12527.6376953125,10676.2734375,10205.8095703125,11177.3642578125,11519.48828125,13202.5234375,10310.572265625,12567.5048828125,4858.03076171875,12664.0966796875,11093.72265625,13073.4619140625,12831.7373046875,9913.2626953125,11387.572265625,12066.1064453125,13625.6015625,12182.4892578125,9757.984375,12579.2646484375,11391.9765625,10665.41015625,11997.091796875,11857.6669921875,12014.9921875,11504.0302734375,12610.806640625,12028.826171875,12038.02734375,10697.1796875,10649.4423828125,12447.4970703125,12812.53125,12550.169921875,12057.4697265625,12916.4580078125,11232.0302734375,8220.427734375,12096.6259765625,13308.9921875,10027.4501953125,13373.78515625,12421.7548828125,11576.8984375,13014.734375,10426.931640625,11306.01953125,11718.341796875,9048.8251953125,10376.05859375,12684.8427734375,12953.103515625,11783.6884765625,10745.9375,10580.2275390625,10763.9794921875,10414.2587890625,9966.412109375,9046.7080078125,11573.0791015625,12044.8671875,12212.970703125,12988.90625,12720.41015625,13275.8701171875,10391.7734375,13046.9189453125,9135.8408203125,12271.759765625,13384.8291015625,8747.029296875,9309.5185546875,13743.7890625,13020.265625,12089.9716796875,12188.49609375,10631.732421875,7934.14404296875,7877.0888671875,12104.4248046875,12388.2177734375,10790.658203125,6363.43896484375,8485.7802734375,10308.3369140625,10977.7666015625,10814,11313.9814453125,12476.572265625
13608.1142578125,12875.2275390625,13309.8037109375,13228.7802734375,12738.1005859375,13529.9443359375,14072.7255859375,12309.1279296875,13738.0634765625,12211.1201171875,12676.1142578125,12697.0283203125,13716.6474609375,14446.646484375,10327.3837890625,12144.28515625,11332.291015625,11844.3525390625,13513.6337890625,11516.169921875,12945.0556640625,11343.6884765625,11531.4501953125,11415.193359375,13145.1376953125,14458.2451171875,12814.9248046875,13764.7275390625,11440.955078125,13567.7607421875,12781.0048828125,12295.7783203125,12087.3544921875,11608.2978515625,8565.025390625,11083.005859375,11523.1474609375,12247.4091796875,11704.5029296875,12586.2109375,11473.0732421875,13755.1650390625,12017.7958984375,13670.9560546875,9601.3251953125,11154.40234375,11930.9541015625,12453.8525390625,11338.6904296875,11722.41015625,10479.296875,10385.8662109375,10848.5615234375,11072.2275390625,11902.908203125,12215.033203125,11395.6748046875,12233.6787109375,12908.91796875,13090.396484375,12251.54296875,9856.1123046875,15029.4521484375,10541.0927734375,9911.2958984375,10991.8388671875,11786.4560546875,12215.84765625,9436.5693359375,12965.806640625,12474.1591796875,3851.61547851562,12446.1005859375,10685.8505859375,10238.5146484375,11192.185546875,11515.4560546875,13179.04296875,10327.7060546875,12609.080078125,4866.04541015625,12629.5390625,11068.0390625,13061.994140625,12803.640625,9933.2978515625,11373.7919921875,12016.4208984375,13610.7978515625,12190.7060546875,9741.4931640625,12602.0185546875,11422.572265625,10646.2373046875,12024.990234375,11883.0380859375,12016.3505859375,11526.162109375,12628.0185546875,12023.1455078125,12035.09375,10717.5458984375,10695.8974609375,12424.9033203125,12775.2041015625,12552.4580078125,12049.0791015625,12940.3955078125,11249.3466796875,8212.525390625,12119.8671875,13297.337890625,10067.7529296875,13366.34375,12512.1611328125,11568.1572265625,12934.3505859375,10421.962890625,11340.994140625,11723.220703125,9011.802734375,10387.41015625,12733.88671875,13022.314453125,11803.6689453125,10764.5908203125,10575.64453125,10764.556640625,10389.861328125,9991.2373046875,9067.916015625,11538.3515625,12047.7646484375,12220.5283203125,13016.7900390625,12716.7060546875,13214.3623046875,10381.3046875,13098.08984375,9127.1640625,12220.6787109375,13368.025390625,8722.7783203125,9340.15234375,13695.142578125,13066.3515625,12048.8310546875,12153.8671875,10668.6328125,7947.03125,7889.29931640625,12089.7841796875,12375.8623046875,10783.8916015625,6390.55322265625,8501.3759765625,10311.291015625,10989.6025390625,10926.1865234375,11353.482421875,12499.48046875
13582.478515625,12918.9208984375,13377.396484375,13228.5966796875,12803.3896484375,13499.5576171875,14153.685546875,12302.3505859375,13733.8623046875,12245.8193359375,12666.1220703125,12658.7353515625,13695.1953125,14447.25,10302.0361328125,12144.306640625,11324.1591796875,11865.0146484375,13570.595703125,11588.6318359375,12992.6435546875,11363.4580078125,11499.0576171875,11408.9375,13085.7421875,14465.333984375,12854.43359375,13797.3779296875,11442.62109375,13624.9814453125,12842.5986328125,12341.73046875,12151.9697265625,11616.951171875,8589.228515625,11132.6845703125,11548.9033203125,12276.9150390625,11747.005859375,12635.1435546875,11502.263671875,13836.66796875,12022.32421875,13671.708984375,9623.326171875,11159.7265625,11956.267578125,12486.4560546875,11351.986328125,11719.962890625,10504.9560546875,10406.2939453125,10885.8798828125,11081.1689453125,11888.6259765625,12209.7021484375,11410.447265625,12186.04296875,12928.388671875,13077.80078125,12280.826171875,9892.9833984375,15066.677734375,10550.2734375,9880.6650390625,11018.1982421875,11845.4345703125,12283.8466796875,9464.3203125,12974.1171875,12469.779296875,3849.64013671875,12410.0048828125,10695.1640625,10284.8994140625,11230.7236328125,11523.8134765625,13192.0712890625,10360.37890625,12658.958984375,4869.11669921875,12617.7490234375,11072.994140625,13046,12785.947265625,9916.5654296875,11398.994140625,12018.990234375,13572.1787109375,12184.3828125,9705.72265625,12488.775390625,11434.0673828125,10633.3544921875,12043.9404296875,11927.9814453125,12043.7666015625,11555.6904296875,12693.361328125,12029.900390625,12076.314453125,10728.6884765625,10747.724609375,12394.90625,12776.7265625,12549.4638671875,12020.35546875,12989.7939453125,11325.80078125,8213.0126953125,12159.2177734375,13277.1494140625,10081.0927734375,13377.455078125,12574.7607421875,11570.5419921875,12906.8564453125,10399.111328125,11351.986328125,11731.1572265625,8981.927734375,10400.916015625,12788.6376953125,13173.0546875,11845.591796875,10754.8896484375,10601.68359375,10781.7978515625,10382.5126953125,10030.0126953125,9062.0107421875,11552.4033203125,12088.0244140625,12217.1337890625,13057.0751953125,12742.111328125,13229.373046875,10417.0927734375,13118.9345703125,9129.40234375,12173.228515625,13365.3662109375,8679.0791015625,9349.3056640625,13693.005859375,13138.16796875,12041.4189453125,12182.009765625,10678.1748046875,7960.4697265625,7899.77392578125,12151.0576171875,12391.748046875,10773.435546875,6386.37744140625,8518.7001953125,10305.232421875,11026.646484375,10984.677734375,11410.3603515625,12479.69140625
13504.890625,12913.03515625,13455.9501953125,13175.908203125,12834.3935546875,13457.462890625,14111.341796875,12263.330078125,13733.0478515625,12259.220703125,12677.6962890625,12624.1748046875,13650.9775390625,14425.9296875,10222.9697265625,12132.408203125,11262.38671875,11875.2109375,13623.5234375,11585.005859375,13003.0400390625,11357.4453125,11462.6982421875,11386.6904296875,13034.48828125,14477.7841796875,12921.9931640625,13839.333984375,11433.259765625,13667.5185546875,12847.8251953125,12378.52734375,12207.0693359375,11642.0283203125,8639.4560546875,11210.9599609375,11604.70703125,12328.8779296875,11748.7646484375,12665.1181640625,11500.2490234375,13889.185546875,12021.1455078125,13673.802734375,9641.7998046875,11199.0107421875,11953.42578125,12519.560546875,11358.9189453125,11790.1884765625,10511.083984375,10463.984375,10867.197265625,11101.13671875,11890.77734375,12225.43359375,11381.9560546875,12139.5166015625,12951.140625,13046.8486328125,12303.423828125,9932.2880859375,15001.4208984375,10537.099609375,9887.29296875,11088.5849609375,11919.2060546875,12303.5751953125,9467.6689453125,13012.041015625,12485.8515625,3853.1689453125,12387.4560546875,10688.447265625,10297.2392578125,11239.0458984375,11552.8837890625,13216.7373046875,10388.923828125,12675.5927734375,4866.466796875,12628.1328125,11102.1708984375,13063.6435546875,12762.9619140625,9916.2470703125,11449.3271484375,12066.8681640625,13528.73046875,12171.009765625,9694.7998046875,12366.892578125,11413.0458984375,10629.1279296875,12038.0078125,11966.0634765625,12084.421875,11587.0703125,12785.2822265625,12047.1826171875,12134.173828125,10730.478515625,10758.00390625,12379.9130859375,12783.7001953125,12537.46875,12000.6015625,13009.373046875,11399.080078125,8229.5068359375,12173.599609375,13259.3427734375,10059.8623046875,13399.15234375,12559.2802734375,11577.46484375,12944.3720703125,10383.6611328125,11331.3525390625,11753.2939453125,8980.775390625,10414.451171875,12807.384765625,13268.615234375,11849.24609375,10734.8955078125,10640.185546875,10809.5185546875,10379.3359375,10044.5546875,9037.638671875,11600.9521484375,12112.6123046875,12200.2294921875,13089.0185546875,12768.2109375,13317.5810546875,10465.9716796875,13111.2255859375,9156.982421875,12149.8447265625,13362.4775390625,8649.29296875,9336.4873046875,13725.8408203125,13189.9873046875,12062.8974609375,12249.046875,10662.6435546875,7958.90869140625,7892.8603515625,12238.873046875,12425.46484375,10769.5439453125,6356.779296875,8541.6630859375,10290.0859375,11078.111328125,10955.5439453125,11443.2998046875,12428.8515625
13444.49609375,12870.8818359375,13481.1025390625,13113.35546875,12827.8134765625,13441.662109375,13996.5185546875,12230.0048828125,13741.73828125,12248.4287109375,12705.8720703125,12622.7158203125,13627.2958984375,14408.0771484375,10161.6025390625,12127.720703125,11207.0595703125,11855.2861328125,13628.1923828125,11502.626953125,12954.6640625,11351.22265625,11451.9833984375,11393.048828125,13030.322265625,14475.2421875,12954.41015625,13847.5029296875,11422.4189453125,13650.236328125,12800.5546875,12364.65625,12212.9345703125,11646.3515625,8644.9775390625,11258.630859375,11644.916015625,12350.8984375,11707,12641.4853515625,11471.9248046875,13867.9091796875,12012.7314453125,13672.8564453125,9639.8603515625,11248.4931640625,11925.48046875,12519.3193359375,11342.337890625,11863.7744140625,10492.2421875,10508.8203125,10827.6953125,11106.595703125,11922.8857421875,12247.4921875,11339.9130859375,12127.2548828125,12953.7353515625,13024.9794921875,12308.140625,9947.9072265625,14876.85546875,10524.3232421875,9928.7841796875,11137.5712890625,11946.1064453125,12267.013671875,9460.1826171875,13052.771484375,12518.3984375,3865.64599609375,12367.5458984375,10669.689453125,10261.8271484375,11196.5498046875,11588.9970703125,13211.4345703125,10406.0087890625,12643.798828125,4866.41552734375,12643.1005859375,11131.05078125,13107.8154296875,12740.0537109375,9945.05078125,11475.240234375,12103.3359375,13518.470703125,12159,9739.2587890625,12359.8720703125,11384.4560546875,10634.4482421875,12011.7490234375,11978.7705078125,12110.892578125,11615.1435546875,12829.12890625,12060.9013671875,12169.7080078125,10727.40625,10724.3525390625,12383.337890625,12780.32421875,12516.853515625,12001.6826171875,12999.05859375,11397.96875,8250.33984375,12142.216796875,13275.9296875,10029.6640625,13416.255859375,12505.087890625,11587.134765625,13026.8173828125,10390.0556640625,11294.5693359375,11788.17578125,8999.6708984375,10416.771484375,12789.3623046875,13244.72265625,11812.00390625,10732.1982421875,10659.82421875,10826.8173828125,10367.74609375,10017.1552734375,9025.1328125,11654.666015625,12088.943359375,12190.201171875,13082.2783203125,12776.3154296875,13403.7568359375,10478.25,13097.0341796875,9190.7158203125,12191.7568359375,13357.40625,8649.1103515625,9314.455078125,13754.9951171875,13186.5771484375,12070.7470703125,12314.216796875,10646.498046875,7943.02880859375,7865.98291015625,12267.412109375,12447.236328125,10790.435546875,6326.51171875,8569.65625,10278.1650390625,11101.2529296875,10877.375,11428.10546875,12401.8974609375
13445.08984375,12834.5927734375,13430.0986328125,13089.822265625,12794.599609375,13459.8583984375,13939.9130859375,12233.46484375,13747.4873046875,12231.1806640625,12727.2099609375,12654.91015625,13647.6220703125,14414.5361328125,10158.78515625,12140.23828125,11198.0234375,11816.1591796875,13585.7197265625,11417.14453125,12880.1357421875,11372.1376953125,11475.4765625,11425.8642578125,13078.5751953125,14470.01171875,12919.45703125,13811.384765625,11418.8193359375,13593.1416015625,12743.5625,12307.1484375,12166.669921875,11605.4873046875,8568.4521484375,11239.78515625,11638.83984375,12315.9453125,11658.0380859375,12585.7392578125,11447.7744140625,13816.41796875,12009.455078125,13680.2275390625,9615.578125,11269.1064453125,11893.96484375,12494.6865234375,11313.771484375,11856.041015625,10457.013671875,10508.8291015625,10806.9072265625,11084.986328125,11957.4892578125,12262.72265625,11328.46484375,12150.125,12933.4892578125,13051.248046875,12302.158203125,9931.8779296875,14801.001953125,10527.744140625,9965.3828125,11110.91796875,11901.8369140625,12217.546875,9462.7470703125,13060.05078125,12545.4296875,3883.74389648438,12376.8740234375,10654.1650390625,10221.224609375,11146.6845703125,11605.0625,13165.94921875,10412.0126953125,12592.083984375,4874.283203125,12658.1171875,11138.046875,13119.873046875,12738.9384765625,9959.4248046875,11444.2353515625,12079.810546875,13558.2158203125,12147.8623046875,9819.9765625,12448.08984375,11381.923828125,10646.7822265625,11989.4033203125,11963.1220703125,12109.3642578125,11626.896484375,12766.0390625,12061.390625,12172.275390625,10719.390625,10684.5166015625,12392.9072265625,12779.748046875,12495.6328125,12010.3095703125,12996.0712890625,11322.3203125,8260.8017578125,12077.482421875,13316.107421875,10018.17578125,13412.2919921875,12460.05859375,11599.4140625,13113.2314453125,10407.0126953125,11271.921875,11810.60546875,9012.3359375,10398.0791015625,12762.419921875,13148.9619140625,11786.1474609375,10756.9384765625,10645.6171875,10817.9140625,10361.400390625,9968.82421875,9043.1376953125,11683.451171875,12046.041015625,12198.990234375,13035.537109375,12770.5498046875,13409.19921875,10444.328125,13090.759765625,9190.5634765625,12284.9423828125,13362.3056640625,8661.8388671875,9294.2177734375,13752.76171875,13120.0751953125,12039.646484375,12346.6845703125,10646.4560546875,7925.22802734375,7837.89453125,12212.5947265625,12441.791015625,10836.3486328125,6314.67236328125,8589.509765625,10286.642578125,11060.7578125,10833.1708984375,11380.7158203125,12429.6171875
13490.4853515625,12827.408203125,13329.4541015625,13112.015625,12751.470703125,13482.384765625,13996.154296875,12266.4716796875,13735.5771484375,12224.544921875,12721.2958984375,12693.5615234375,13688.4013671875,14434.904296875,10188.9169921875,12155.5634765625,11220.861328125,11794.9140625,13539.0712890625,11398.11328125,12833.8681640625,11405.251953125,11509.17578125,11427.7138671875,13138.6708984375,14489.5546875,12845.6572265625,13762.6396484375,11418.2802734375,13559.5615234375,12712.04296875,12260.380859375,12101.6630859375,11549.0673828125,8459.2158203125,11180.9755859375,11596.3193359375,12254.5107421875,11645.7158203125,12556.3232421875,11453.0390625,13809.8095703125,12023.9189453125,13703.8984375,9591.1484375,11233.7109375,11875.6494140625,12487.2021484375,11305.1484375,11758.6875,10427.671875,10472.21875,10814.6181640625,11052.70703125,11951.4404296875,12267.1845703125,11355.0908203125,12182.9296875,12904.4814453125,13116.1552734375,12296.4189453125,9903.2216796875,14839.685546875,10543.33984375,9963.2197265625,11029.0966796875,11830.0615234375,12203.421875,9476.23828125,13025.826171875,12546.4033203125,3897.435546875,12444.6748046875,10651.2314453125,10229.5810546875,11149.9033203125,11586.0869140625,13119.9482421875,10405.8671875,12568.3896484375,4885.07958984375,12679.681640625,11121.4150390625,13055.23828125,12762.6328125,9919.0556640625,11378.5244140625,12009.6171875,13619.029296875,12137.2578125,9877.9755859375,12500.0380859375,11413.111328125,10662.990234375,11990.232421875,11928.6552734375,12083.6005859375,11609.03515625,12630.3427734375,12055.8408203125,12160.5546875,10701.986328125,10675.583984375,12392.87890625,12795.7294921875,12489.65234375,12012.33203125,13017.9580078125,11250.69140625,8257.673828125,12014.1083984375,13315.3671875,10026.7421875,13385.888671875,12425.17578125,11614.5224609375,13153.93359375,10414.1357421875,11283.8544921875,11796.0595703125,9004.3017578125,10361.2919921875,12750.1435546875,13063.4033203125,11812.185546875,10795.5869140625,10614.2705078125,10792.3818359375,10384.404296875,9940.3974609375,9076.0703125,11673.4404296875,12047.0595703125,12212.44921875,12984.4189453125,12763.8779296875,13322.1328125,10407.7119140625,13085.435546875,9141.0654296875,12349.7939453125,13382.2109375,8666.478515625,9280.447265625,13731.8525390625,13013.6298828125,12001.5712890625,12335.6005859375,10656.99609375,7916.30908203125,7832.64794921875,12140.7744140625,12425.6259765625,10877.087890625,6320.7109375,8586.4462890625,10323.287109375,10980.2158203125,10876.2216796875,11342.46484375,12483.3857421875
13534.1220703125,12827.8115234375,13219.7158203125,13141.689453125,12708.9765625,13481.13671875,14085.677734375,12294.8271484375,13706.02734375,12221.5498046875,12690.85546875,12710.158203125,13708.3583984375,14439.9345703125,10204.568359375,12145.3681640625,11234.1328125,11821.376953125,13525.9814453125,11438.6025390625,12833.2734375,11408.4033203125,11520.2392578125,11360.5751953125,13156.431640625,14533.6904296875,12795.58203125,13740.7939453125,11407.8203125,13585.1015625,12700.4287109375,12267.7646484375,12060.7626953125,11531.94140625,8404.693359375,11137.1923828125,11558.740234375,12223.986328125,11681.1845703125,12586.4130859375,11484.06640625,13862.8369140625,12048.38671875,13727.9345703125,9599.748046875,11166.8623046875,11871.6572265625,12519.326171875,11337.2060546875,11645.125,10429.4775390625,10438.9765625,10843.4599609375,11045.6220703125,11897.4951171875,12265.8828125,11381.595703125,12204.5185546875,12882.994140625,13157.2158203125,12293.6953125,9892.5048828125,14960.666015625,10560.0625,9929.0732421875,10968.1240234375,11796.2216796875,12228.3837890625,9484.9931640625,12982.9091796875,12520.54296875,3895.24829101562,12555.6904296875,10659.0185546875,10289.87109375,11211.93359375,11545.0498046875,13128.9873046875,10388.7333984375,12594.0576171875,4889.13916015625,12705.60546875,11097.46875,12948.4580078125,12778.7080078125,9842.212890625,11335.9794921875,11956.1171875,13651.650390625,12138.3369140625,9863.041015625,12432.6171875,11454.2900390625,10682.2529296875,12009.6064453125,11891.6171875,12038.978515625,11566.36328125,12534.44140625,12059.8486328125,12148.298828125,10675.0263671875,10700.9892578125,12371.0712890625,12818.8046875,12513.5810546875,12012.330078125,13039.5927734375,11258.3740234375,8246.8828125,11988.388671875,13230.8056640625,10035.0185546875,13353.9033203125,12389.11328125,11629.7890625,13112.1171875,10406.4140625,11321.287109375,11753.7646484375,8983.884765625,10322.1767578125,12758.220703125,13020.259765625,11870.0595703125,10823.50390625,10598.9560546875,10780.1865234375,10432.3466796875,9955.6259765625,9088.142578125,11639.3359375,12118.83984375,12206.7021484375,12964.9189453125,12754.40234375,13205.080078125,10417.7890625,13066.6435546875,9075.34375,12320.2578125,13399.154296875,8670.6435546875,9275.849609375,13730.59765625,12914.5380859375,12015.5595703125,12291.3720703125,10663.5390625,7919.04052734375,7853.71142578125,12133.0048828125,12427.099609375,10874.9794921875,6332.20703125,8562.98828125,10374.4326171875,10935.3681640625,10977.7216796875,11342.4638671875,12510.2802734375
13551.8984375,12799.0234375,13129.091796875,13142.3427734375,12666.9482421875,13465.0986328125,14102.4208984375,12294.2392578125,13669.404296875,12195.9404296875,12660.0322265625,12696.1015625,13698.43359375,14420.6123046875,10197.359375,12096.5927734375,11219.2294921875,11890.2646484375,13543.638671875,11475.0595703125,12844.150390625,11367.8134765625,11500.9208984375,11267.5810546875,13119.673828125,14566.0341796875,12810.556640625,13754.4404296875,11384.4033203125,13643.2275390625,12682.7880859375,12309.81640625,12063.03125,11563.1826171875,8435.51171875,11126.240234375,11560.3466796875,12251.009765625,11732.1953125,12649.8173828125,11516.1923828125,13915.603515625,12058.6787109375,13724.75,9653.5302734375,11140.076171875,11878.16015625,12564.6845703125,11394.7109375,11590.052734375,10472.91796875,10450.2060546875,10890.9619140625,11086.2265625,11842.59765625,12268.1455078125,11371.1572265625,12215.7353515625,12878.6455078125,13130.392578125,12291.5224609375,9914.4560546875,15079.0546875,10574.0810546875,9898.8994140625,10976.587890625,11817.646484375,12254.166015625,9481.7158203125,12975.2421875,12486.72265625,3872.46752929688,12648.53125,10673.068359375,10346.8544921875,11273.513671875,11512.6796875,13208.9267578125,10373.234375,12643.3271484375,4880.638671875,12724.298828125,11083.2646484375,12893.3623046875,12750.69140625,9786.0498046875,11355.7724609375,11961.912109375,13638.5615234375,12166.6630859375,9777.2998046875,12309.2373046875,11476.28125,10705.4951171875,12028.51953125,11868.0908203125,11978.8388671875,11525.619140625,12554.0068359375,12077.8408203125,12123.0126953125,10647.9169921875,10735.2109375,12325.5673828125,12831.4765625,12567.5888671875,12020.05859375,13028.86328125,11335.8056640625,8234.35546875,12019.8251953125,13114.640625,10028.998046875,13330.7197265625,12383.3720703125,11632.04296875,12995.7109375,10396.4453125,11352.751953125,11724.2724609375,8966.50390625,10300.466796875,12782.857421875,13001.587890625,11903.958984375,10820.7734375,10617.708984375,10802.9765625,10467.734375,10002.0439453125,9060.1611328125,11617.2275390625,12216.6162109375,12175.8564453125,12976.4912109375,12726.0595703125,13138.0703125,10475.4189453125,13035.1328125,9044.1591796875,12221.9921875,13383.8408203125,8704.080078125,9282.1103515625,13769.6171875,12874.3564453125,12098.3154296875,12247.3564453125,10662.09375,7931.48291015625,7878.38134765625,12194.6513671875,12453.3779296875,10824.1552734375,6340.8681640625,8541.53125,10408.8408203125,10979.54296875,11051.2109375,11374.783203125,12492
13561.3779296875,12741.7197265625,13078.9423828125,13123.0791015625,12625.537109375,13469.4423828125,14049.1591796875,12271.90625,13631.0390625,12134.544921875,12653.1005859375,12660.2060546875,13693.2333984375,14405.93359375,10196.5419921875,12032.0244140625,11196.38671875,11964.908203125,13563.4931640625,11466.0341796875,12830.4658203125,11321.2939453125,11474.9228515625,11235.927734375,13080.630859375,14554.2255859375,12878.3212890625,13777.1220703125,11366.279296875,13684.708984375,12659.001953125,12319.6220703125,12090.2333984375,11583.478515625,8497.0244140625,11115.8466796875,11594.697265625,12310.9755859375,11753.912109375,12692.5146484375,11531.927734375,13910.5751953125,12044.01171875,13689.6015625,9722.6103515625,11203.1025390625,11898.7177734375,12577.947265625,11434.16015625,11599.83984375,10541.1669921875,10513.1748046875,10950.5869140625,11155.88671875,11844.6796875,12279.8671875,11335.1689453125,12229.216796875,12892.7158203125,13070.8291015625,12289.83203125,9953.7099609375,15141.4873046875,10584.8212890625,9896.5751953125,11024.4462890625,11851.9052734375,12248.8515625,9477.0283203125,13014.7041015625,12466.3310546875,3836.62670898438,12669.37109375,10692.5771484375,10345.1064453125,11276.251953125,11511.2265625,13313.5888671875,10377.7353515625,12672.3154296875,4858.62890625,12733.173828125,11081.11328125,12948.5517578125,12686.2392578125,9779.716796875,11425.08203125,11997.2255859375,13613.6943359375,12222.01171875,9675.525390625,12263.61328125,11473.8203125,10733.0185546875,12038.0224609375,11865.1015625,11920.5234375,11513.4228515625,12635.7587890625,12096.8427734375,12067.0244140625,10634.5390625,10754.2099609375,12275.8662109375,12841.2216796875,12632.3916015625,12025.1181640625,12993.3603515625,11401.6220703125,8224.3505859375,12100.1455078125,13082.1318359375,10018.0966796875,13310.072265625,12464.724609375,11600.2109375,12872.05078125,10395.8359375,11354.501953125,11738.32421875,8957.486328125,10310.767578125,12816.1845703125,12996.3388671875,11887.3857421875,10783.43359375,10656.70703125,10851.58984375,10464.216796875,10045.1728515625,9010.244140625,11635.6689453125,12266.1435546875,12138.8525390625,12990.732421875,12680.05859375,13153.9453125,10532.4443359375,13011.2890625,9062.927734375,12158.59765625,13325.7392578125,8778.3310546875,9296.3984375,13830.4873046875,12917.970703125,12198.5673828125,12250.7138671875,10661.283203125,7950.89794921875,7882.09130859375,12255.056640625,12482.8701171875,10763.0556640625,6348.228515625,8543.5498046875,10401.658203125,11080.26953125,11034.6220703125,11410.3466796875,12458.9599609375
13594.9658203125,12705.47265625,13092.390625,13129.2529296875,12601.6328125,13513.25,14030.9765625,12255.0322265625,13588.990234375,12060.841796875,12673.8662109375,12614.4794921875,13730.8701171875,14432.306640625,10214.3671875,11998.6201171875,11197.4453125,12005.7578125,13572.7998046875,11435.75,12808.7373046875,11317.2255859375,11469.64453125,11299.2177734375,13109.5859375,14509.134765625,12949.2841796875,13777.4365234375,11378.015625,13695.875,12663.998046875,12255.3095703125,12105.646484375,11530.251953125,8518.9091796875,11079.9765625,11621.9326171875,12360.341796875,11731.8203125,12691.044921875,11537.6015625,13862.419921875,12026.3837890625,13652.3935546875,9753.8349609375,11318.7216796875,11937.9609375,12548.810546875,11420.412109375,11629.1611328125,10596.107421875,10588.2421875,10990.138671875,11204.1484375,11909.7939453125,12295.5283203125,11320.431640625,12248.6318359375,12916.7880859375,13057.4638671875,12289.28125,9977.8017578125,15156.7998046875,10584.6044921875,9911.3271484375,11042.8115234375,11854.6220703125,12222.3720703125,9480.732421875,13069.4033203125,12465.3818359375,3804.9453125,12625.298828125,10713.849609375,10285.5869140625,11227.9970703125,11536.5302734375,13369.935546875,10404.94921875,12667.232421875,4825.1923828125,12743.1533203125,11079.001953125,13071.3984375,12642.091796875,9797.6298828125,11495.8173828125,11991.83984375,13623.7734375,12280.76171875,9622.896484375,12344.8671875,11468.90234375,10763.20703125,12046.9345703125,11874.85546875,11899.6083984375,11530.2822265625,12647.1826171875,12101.640625,11992.087890625,10642.8701171875,10756.314453125,12261.62109375,12881.091796875,12680.0556640625,12001.0341796875,12978.6396484375,11394.94140625,8222.3544921875,12193.6494140625,13191.634765625,10023.2548828125,13278.2470703125,12638.27734375,11529.3505859375,12832.2451171875,10402.9013671875,11333.3408203125,11783.048828125,8954.96484375,10356.2255859375,12840.654296875,13025.888671875,11850.8017578125,10728.89453125,10684.81640625,10894.666015625,10443.3154296875,10058.7255859375,8976.7421875,11688.7744140625,12238.9169921875,12121.451171875,12993.8466796875,12657.1015625,13221.25,10544.3447265625,13016.80859375,9098.9248046875,12218.27734375,13250.6591796875,8861.5625,9313.748046875,13879.1611328125,13021.0107421875,12248.2265625,12329.88671875,10669.0185546875,7972.01708984375,7866.115234375,12252.119140625,12490.5126953125,10742.0400390625,6358.38671875,8566.734375,10360.5908203125,11146.810546875,10948.7216796875,11427.1025390625,12449.47265625
13661.197265625,12738.4970703125,13176.2626953125,13188.806640625,12626.1787109375,13576.9755859375,14118.0673828125,12264.0751953125,13548.1640625,12017.2685546875,12703.017578125,12569.0498046875,13807.1533203125,14495.5244140625,10218.671875,12027.7841796875,11233.080078125,11997.7421875,13589.4755859375,11437.2529296875,12835.7021484375,11359.0859375,11485.927734375,11396.5966796875,13215.349609375,14473.8095703125,12980.787109375,13750.107421875,11419.708984375,13702.9814453125,12724.0830078125,12154.7021484375,12089.673828125,11419.830078125,8496.7646484375,11047.2861328125,11613.2529296875,12376.955078125,11693.4287109375,12670.875,11552.3046875,13835.595703125,12040.7470703125,13646.8408203125,9719.3798828125,11386.65234375,11984.841796875,12514.8037109375,11360.3408203125,11651.80859375,10603.4677734375,10616.8701171875,10965.6943359375,11193.5244140625,11979.7412109375,12298.9560546875,11349.6513671875,12262.8681640625,12933.296875,13116.169921875,12284.236328125,9965.7265625,15155.7978515625,10563.8671875,9916.1611328125,11006.43359375,11834.087890625,12208.9267578125,9482.4345703125,13094.7705078125,12471.041015625,3793.4892578125,12575.41015625,10722.3359375,10218.818359375,11190.5791015625,11562.5302734375,13339.58984375,10430.771484375,12657.609375,4789.19775390625,12758.1728515625,11064.4912109375,13159.12109375,12670.0185546875,9804.3583984375,11528.111328125,11920.6328125,13671.9013671875,12313.3095703125,9645.802734375,12466.103515625,11484.8310546875,10792.208984375,12064.3408203125,11879.6796875,11940.1123046875,11551.103515625,12529.12109375,12092.4013671875,11937.53515625,10668.982421875,10754.70703125,12310.927734375,12965.482421875,12694.0537109375,11939.576171875,13017.431640625,11338.8662109375,8231.8564453125,12253.10546875,13368.33203125,10052.1279296875,13243.482421875,12821.8408203125,11454.2158203125,12915.544921875,10411.3154296875,11317.26953125,11815.673828125,8962.1318359375,10423.478515625,12832.7421875,13106.63671875,11842.373046875,10690.3896484375,10683.806640625,10909.1103515625,10450.3203125,10042.1328125,8981.6552734375,11739.8681640625,12178.5283203125,12134.9130859375,13007.4775390625,12708.0166015625,13280.9873046875,10515.9404296875,13054.5048828125,9112.9619140625,12393.5263671875,13205.5625,8901.6064453125,9335.6083984375,13901.279296875,13120.9794921875,12232.7578125,12458.4658203125,10684.26171875,7984.6064453125,7855.2861328125,12199.4541015625,12475.5673828125,10776.970703125,6369.6279296875,8586.2861328125,10326.2490234375,11126.943359375,10872.2705078125,11427.2939453125,12466.5107421875
13731.6220703125,12828.626953125,13294.470703125,13273.54296875,12713.3408203125,13622.9951171875,14251.95703125,12297.5498046875,13525.3876953125,12020.2802734375,12714.2998046875,12537.484375,13874.990234375,14543.2763671875,10174.0595703125,12101.703125,11286.2265625,11957.7529296875,13632.91796875,11484.9609375,12934.994140625,11402.48828125,11497.9716796875,11439,13316.9169921875,14476.4228515625,12967.244140625,13718.8984375,11455.4736328125,13725.0712890625,12814.9814453125,12109.9033203125,12058.6865234375,11344.498046875,8489.5908203125,11070.4873046875,11585.9189453125,12365.1318359375,11677.3359375,12668.654296875,11584.048828125,13861.9609375,12094.7236328125,13672.123046875,9647.4931640625,11345.72265625,12011.9921875,12517.7265625,11300.494140625,11691.609375,10559.1982421875,10575.0263671875,10870.685546875,11136.751953125,11988.9501953125,12278.0654296875,11388.7001953125,12259.3095703125,12926.12109375,13181.9326171875,12265.666015625,9925.2421875,15143.4501953125,10528.0185546875,9900.3720703125,10961.513671875,11835.279296875,12221.94921875,9461.03515625,13073.5849609375,12464.7490234375,3804.86181640625,12565.4716796875,10701.3466796875,10188.671875,11205.220703125,11562.134765625,13249.9033203125,10423.5283203125,12678.453125,4769.56640625,12760.861328125,11037.7099609375,13154.6025390625,12757.541015625,9806.8544921875,11517.59375,11843.677734375,13707.0751953125,12309.1103515625,9714.6552734375,12508.6435546875,11517.36328125,10813.73046875,12081.369140625,11865.552734375,12019.4794921875,11553.083984375,12378.1796875,12082.8173828125,11928.09375,10699.11328125,10756.099609375,12398.99609375,13050.095703125,12682.791015625,11870.220703125,13087.4287109375,11304.6181640625,8247.5986328125,12247.3056640625,13465.0009765625,10089.3203125,13237.119140625,12906.369140625,11433.3671875,13058.8330078125,10423.9599609375,11324.7470703125,11809.4833984375,8984.8046875,10482.6953125,12786.875,13206.4208984375,11870.9267578125,10696.482421875,10663.1416015625,10898.9765625,10496.1923828125,10014.2421875,9012.1962890625,11754.751953125,12151.55859375,12169.560546875,13059.7666015625,12829.9453125,13296.98828125,10491.2548828125,13107.5771484375,9103.2900390625,12584.1259765625,13222.1572265625,8875.095703125,9369.2744140625,13905.4951171875,13161.8037109375,12203.1162109375,12559.0966796875,10702.9404296875,7977.98583984375,7867.150390625,12163.4990234375,12461.9345703125,10837.212890625,6374.3359375,8581.0458984375,10339.634765625,11065.7265625,10861.849609375,11429.76953125,12479.90234375
13760.9873046875,12904.306640625,13377.666015625,13319.87890625,12829.1328125,13631.0087890625,14311.4501953125,12336.6123046875,13530.486328125,12039.205078125,12695.9853515625,12535.86328125,13888.7431640625,14524.7861328125,10097.62109375,12161.228515625,11326.384765625,11920.4736328125,13689.4033203125,11535.8984375,13047.154296875,11405.0234375,11481.505859375,11403.6953125,13310.017578125,14503.9345703125,12933.3935546875,13712.1689453125,11442.271484375,13743.4501953125,12878.2666015625,12180.115234375,12047.08203125,11376.8740234375,8542.3330078125,11149.83203125,11586.1005859375,12334.681640625,11693.8779296875,12687.5078125,11619.189453125,13902.6103515625,12154.5078125,13694.4404296875,9598.8671875,11241.544921875,11999.2421875,12555.435546875,11286.87109375,11775.6533203125,10493.2001953125,10500.4404296875,10759.4814453125,11084.1259765625,11932.2197265625,12241.4853515625,11384.6025390625,12238.6923828125,12897.5419921875,13172.7998046875,12235.5966796875,9883.533203125,15101.8046875,10499.3662109375,9876.9326171875,10968.5732421875,11874.4970703125,12238.7734375,9413.318359375,13025.0908203125,12441.044921875,3824.61254882812,12578.822265625,10654.2568359375,10194.1494140625,11244.6845703125,11527.427734375,13167.0859375,10377.4560546875,12724.6318359375,4783.888671875,12731.1357421875,11012.1279296875,13098.87890625,12830.427734375,9841.5234375,11488.365234375,11846.6123046875,13674.6220703125,12283.4345703125,9770.46875,12451.9111328125,11534.5615234375,10820.2958984375,12077.333984375,11831.52734375,12077.921875,11539.580078125,12351.2314453125,12081.7880859375,11943.251953125,10717.1201171875,10752.6025390625,12450.4013671875,13053.2568359375,12674.54296875,11833.896484375,13127.2529296875,11325.8564453125,8258.2255859375,12183.53125,13401.6064453125,10110.0341796875,13275.86328125,12851.2255859375,11493.3671875,13133.6591796875,10449.8818359375,11348.4404296875,11779.1708984375,9014.8818359375,10500.4873046875,12733.7919921875,13257.740234375,11897.3984375,10748.091796875,10645.7802734375,10883.49609375,10543.2421875,9995.1640625,9037.2685546875,11730.8310546875,12180.06640625,12203.01171875,13142.625,12941.509765625,13275.7392578125,10503.673828125,13157.84765625,9098.6748046875,12672.53125,13291.8681640625,8811.3232421875,9411.49609375,13897.3291015625,13135.5234375,12222.2001953125,12561.6240234375,10725.658203125,7950.82177734375,7890.19677734375,12188.189453125,12474.5009765625,10880.2802734375,6365.404296875,8557.322265625,10405.521484375,11057.7294921875,10902.419921875,11451.4765625,12464.8623046875
13721.95703125,12900.6015625,13376.193359375,13289.853515625,12901.16796875,13608.6875,14253.8173828125,12359.69140625,13545.802734375,12029.0703125,12661.2705078125,12568.5009765625,13846.4423828125,14447.41796875,10051.529296875,12155.1484375,11324.8349609375,11912.4658203125,13717.4501953125,11537.2451171875,13070.7099609375,11367.015625,11439.3017578125,11348.013671875,13172.064453125,14522.4814453125,12904.8408203125,13735.5556640625,11375.9873046875,13728.4150390625,12879.9462890625,12327.7314453125,12069.671875,11486.6220703125,8630.146484375,11212.2783203125,11633.00390625,12292.0751953125,11719.6240234375,12697.04296875,11633.91015625,13898.4091796875,12175.1123046875,13687.5078125,9608.4853515625,11175.8876953125,11956.2060546875,12583.9765625,11322.439453125,11874.201171875,10444.302734375,10456.9072265625,10703.484375,11070.443359375,11870.1328125,12215.6240234375,11331.201171875,12215.2392578125,12871.8955078125,13086.89453125,12214.1533203125,9862.3251953125,15030.1904296875,10494.5595703125,9861.51171875,11030.5751953125,11908.5361328125,12232.2421875,9364.3427734375,12979.8310546875,12416.1337890625,3831.80297851562,12561.0361328125,10613.2607421875,10206.3232421875,11247.7626953125,11475.5849609375,13138.6591796875,10322.4609375,12751.7470703125,4826.33837890625,12675.5341796875,11004.142578125,13073.814453125,12820.5224609375,9913.61328125,11467.1123046875,11942.4208984375,13576.0087890625,12261.4609375,9772.4755859375,12380.6572265625,11509.3623046875,10807.37109375,12043.5244140625,11786.837890625,12073.771484375,11533.6435546875,12490.2841796875,12082.5498046875,11940.5224609375,10713.427734375,10734.7822265625,12404.8701171875,12932.6630859375,12695.431640625,11839.85546875,13096.3232421875,11367.412109375,8258.623046875,12105.5185546875,13237.6943359375,10100.7666015625,13331.8017578125,12713.5625,11590.0888671875,13055.59375,10487.5341796875,11371.5556640625,11758.90234375,9026.958984375,10463.0263671875,12720.763671875,13217.6611328125,11882.0400390625,10816.4697265625,10642.7470703125,10871.064453125,10558.1640625,9994.01171875,9039.2978515625,11692.92578125,12228.35546875,12214.41015625,13210.6455078125,12944.1552734375,13246.560546875,10544.1611328125,13202.7880859375,9113.5439453125,12608.5869140625,13374.353515625,8767.8408203125,9436.630859375,13866.271484375,13081.39453125,12308.7587890625,12468.35546875,10754.26171875,7915.72265625,7899.47119140625,12257.423828125,12519.2041015625,10895.1552734375,6342.26708984375,8544.3642578125,10489.4169921875,11146.1962890625,10937.451171875,11496.77734375,12429.3955078125
13629.2802734375,12822.38671875,13305.8095703125,13210.0751953125,12875.3056640625,13574.1767578125,14157.3994140625,12355.49609375,13537.2021484375,11985.3779296875,12638.8623046875,12616.0859375,13788.6357421875,14375.791015625,10075.248046875,12087.8203125,11267.6142578125,11931.0029296875,13689.4912109375,11483.0234375,12962.048828125,11319.8974609375,11399.7109375,11334.6513671875,12996.953125,14512.8154296875,12887.783203125,13765.689453125,11305.3466796875,13684.3671875,12840.1484375,12444.751953125,12104.134765625,11567.025390625,8687.248046875,11185.7734375,11686.873046875,12252.5576171875,11728.6103515625,12672.669921875,11614.486328125,13842.9501953125,12142.294921875,13662.373046875,9653.4296875,11192.9892578125,11915.1572265625,12564.9462890625,11364.39453125,11911.6796875,10428.3544921875,10466.8388671875,10721.634765625,11079.6875,11865.6533203125,12218.900390625,11281.84375,12203.4140625,12874.103515625,13002.271484375,12223.642578125,9862.6181640625,14963.822265625,10503.8271484375,9854.6416015625,11089.8623046875,11881.2939453125,12206.85546875,9344.1328125,12951.8359375,12416.640625,3817.5078125,12491.0361328125,10615.5712890625,10208.7998046875,11192.875,11437.7158203125,13159.4931640625,10296.138671875,12724.8251953125,4861.93359375,12624.48046875,11020.6015625,13105.49609375,12731.2314453125,9974.068359375,11463.0185546875,12047.521484375,13475.4345703125,12258.27734375,9728.0703125,12375.1953125,11452.83984375,10777.98046875,11995.7685546875,11742.7109375,12025.3876953125,11550.45703125,12668.849609375,12073.28515625,11907.9169921875,10691.9921875,10707.974609375,12288.5478515625,12743.7333984375,12746.1591796875,11859.2490234375,13016.865234375,11378.3720703125,8254.677734375,12063.8759765625,13108.177734375,10067.7314453125,13356.0810546875,12588.955078125,11641.2744140625,12869.4375,10518.3876953125,11393.3935546875,11762.7060546875,9002.41015625,10390.5234375,12764.681640625,13109.236328125,11831.9072265625,10868.001953125,10644.9189453125,10851.5185546875,10562.3037109375,10008.3740234375,9028.544921875,11664.8193359375,12250.2626953125,12198.353515625,13226.1904296875,12821.419921875,13229.3310546875,10578.6318359375,13253.2255859375,9126.2548828125,12446.5185546875,13430.2685546875,8783.966796875,9414.5869140625,13807.8154296875,13043.4130859375,12429.9462890625,12358.3671875,10783.0966796875,7891.88818359375,7891.07958984375,12326.341796875,12583.021484375,10907.625,6312.8623046875,8564.7783203125,10551.5986328125,11281.751953125,10937.5341796875,11557.2734375,12402.5712890625
13535.3564453125,12737.8857421875,13233.123046875,13148.5947265625,12769.2626953125,13538.8154296875,14119.9931640625,12328.787109375,13492.22265625,11956.759765625,12649.3349609375,12645.1533203125,13758.8974609375,14368.865234375,10139.60546875,12017.1953125,11170.9990234375,11945.5439453125,13622.1953125,11418.384765625,12789.5908203125,11287.3154296875,11393.1630859375,11363.6162109375,12914.783203125,14479.3388671875,12874.5126953125,13769.6826171875,11291.7880859375,13650.322265625,12798.5966796875,12447.9384765625,12113.8564453125,11544.8564453125,8678.5341796875,11086.4140625,11684.2275390625,12243.091796875,11721.3515625,12624.1064453125,11568.3583984375,13788.7529296875,12081.99609375,13650.6201171875,9681.552734375,11238.177734375,11899.0107421875,12504.24609375,11366.8330078125,11845.0595703125,10430.61328125,10489.0556640625,10766.8251953125,11069.94140625,11920.0673828125,12239.794921875,11290.1640625,12205.3154296875,12901.50390625,12982.765625,12262.416015625,9871.4677734375,14943.6416015625,10501.5537109375,9849.005859375,11092.6923828125,11794.6015625,12193.1513671875,9357.8564453125,12935.7578125,12454.8359375,3795.4501953125,12415.1767578125,10665.1318359375,10209.302734375,11123.0859375,11437.8369140625,13189.5185546875,10307.9248046875,12659.6767578125,4854.45556640625,12597.615234375,11052.7421875,13141.0693359375,12633.5498046875,9971.80859375,11464.8515625,12065.4111328125,13445.3310546875,12271.78515625,9681.236328125,12422.8681640625,11410.244140625,10743.0595703125,11961.12890625,11710.1982421875,11988.3720703125,11580.5439453125,12726.3251953125,12055.3828125,11880.4560546875,10670.0224609375,10691.1025390625,12205.1494140625,12611.5166015625,12797.001953125,11862.9970703125,12955.0009765625,11354.8056640625,8250.9189453125,12079.6416015625,13099.51171875,10029.5341796875,13334.763671875,12533.7333984375,11607.1025390625,12721.2822265625,10522.7314453125,11428.0126953125,11774.1376953125,8955.9189453125,10325.3388671875,12829.5869140625,13003.48046875,11796.1953125,10890.5654296875,10639.181640625,10815.6533203125,10604.453125,10029.7978515625,9027.91796875,11651.3388671875,12236.9638671875,12171.4892578125,13197.4765625,12670.0224609375,13221.8837890625,10587.283203125,13313.3681640625,9109.4736328125,12311.4091796875,13447.2255859375,8854.212890625,9348.10546875,13748.6533203125,13030.8876953125,12530.310546875,12318.3671875,10799.7568359375,7891.01171875,7890.3701171875,12368.380859375,12644.427734375,10943.81640625,6290.7333984375,8609.4833984375,10580.4111328125,11378.896484375,10927.5498046875,11614.0185546875,12402.060546875
13495.080078125,12709.716796875,13210.5283203125,13151.9365234375,12663.5283203125,13508.1416015625,14145.21875,12296.3056640625,13440.994140625,11993.6279296875,12686.0263671875,12634.48828125,13766.4033203125,14420.2626953125,10179.7470703125,12000.9189453125,11085.498046875,11926.3203125,13561.099609375,11391.9140625,12678.7080078125,11270.8798828125,11429.3125,11386.4404296875,12971.697265625,14434.5,12862.1494140625,13734.2216796875,11350.8740234375,13653.7802734375,12762.7001953125,12351.013671875,12087.583984375,11451.4189453125,8628.0166015625,11010.25,11608.9873046875,12277.0859375,11717.92578125,12581.8369140625,11519.8251953125,13784.5302734375,12031.904296875,13663.59375,9669.1337890625,11237.8134765625,11899.95703125,12444.4091796875,11327.3935546875,11717.998046875,10429.89453125,10474.4912109375,10785.98046875,11030.9677734375,11975.35546875,12247.5185546875,11347.564453125,12209.9892578125,12922.5234375,13012.0341796875,12299.484375,9878.978515625,14973.2880859375,10478.7451171875,9846.4482421875,11043.4658203125,11716.7919921875,12208.3935546875,9384.7001953125,12924.0419921875,12511.5283203125,3792.28369140625,12401.876953125,10721.365234375,10216.15625,11096.1904296875,11475.5810546875,13199.3251953125,10335.0693359375,12608.8896484375,4804.70458984375,12585.3369140625,11080.2177734375,13120.703125,12598.390625,9917.2314453125,11452.7470703125,11987.451171875,13503.7373046875,12288.2431640625,9670.638671875,12448.44921875,11418.302734375,10715.9375,11954.830078125,11701.8623046875,11992.4453125,11599.8232421875,12637.22265625,12045.380859375,11897.2548828125,10666.9326171875,10698.3203125,12238.0087890625,12629.9267578125,12808.654296875,11854.1259765625,12960.5732421875,11333.791015625,8238.1533203125,12130.4609375,13192.40625,10004.0615234375,13307.1083984375,12541.7724609375,11531.2529296875,12731.9716796875,10500.3671875,11475.0439453125,11772.5009765625,8927.7978515625,10300.0078125,12859.68359375,12964.4013671875,11816.244140625,10892.3876953125,10627.4326171875,10776.3408203125,10682.796875,10048.7626953125,9046.5888671875,11647.63671875,12214.2919921875,12162.6123046875,13164.3193359375,12616.470703125,13213.0966796875,10578.5439453125,13363.1787109375,9071.7646484375,12311.3232421875,13437.3251953125,8936.8466796875,9284.0712890625,13732.4990234375,13022.2294921875,12557.3916015625,12365.1357421875,10796.1484375,7908.8076171875,7919.115234375,12381.3671875,12679.095703125,10993.8388671875,6286.93896484375,8642.8466796875,10588.677734375,11395.083984375,10946.78125,11640.396484375,12418.388671875
13521.8154296875,12735.98828125,13227.51171875,13203.1435546875,12629.1044921875,13489.515625,14154.4296875,12273.8408203125,13429.310546875,12085.7490234375,12719.2021484375,12592.9609375,13783.662109375,14466.3515625,10166.73046875,12042.2373046875,11065.93359375,11877.8466796875,13537.853515625,11410.4541015625,12698.076171875,11269.2314453125,11491.021484375,11371.896484375,13091.044921875,14390.072265625,12859.8212890625,13679.607421875,11435.1572265625,13678.2685546875,12707.255859375,12244.0107421875,12052.6533203125,11378.7734375,8580.23828125,11030.9765625,11520.7001953125,12329.0654296875,11726.65625,12563.25390625,11495.1328125,13823.2958984375,12009.7470703125,13678.990234375,9643.0322265625,11197.966796875,11892.9072265625,12425.6533203125,11289.30859375,11622.1318359375,10427.064453125,10436.6044921875,10779.978515625,11003.8564453125,11976.2470703125,12227.8544921875,11392.1796875,12204.3837890625,12909.8037109375,13036.005859375,12301.765625,9885.248046875,15015.365234375,10456.6962890625,9856.92578125,10990.85546875,11713.880859375,12233.9560546875,9404.123046875,12919.197265625,12546.2861328125,3822.478515625,12466.7421875,10733.322265625,10219.9775390625,11122.7587890625,11525.3515625,13195.251953125,10352.2626953125,12607.681640625,4754.490234375,12574.9248046875,11084.1220703125,13053.962890625,12635.8310546875,9872.1337890625,11416.5244140625,11897.896484375,13601.9404296875,12291.7158203125,9695.6337890625,12412.662109375,11466.3193359375,10704.8017578125,11972.1904296875,11725.05859375,12013.0205078125,11591.8359375,12521.7333984375,12056.77734375,11950.7890625,10688.1259765625,10723.65234375,12360.4501953125,12778.3876953125,12764.5908203125,11853.4716796875,13024.7841796875,11335.3740234375,8203.841796875,12171.51953125,13307.470703125,9999.3896484375,13317.6669921875,12576.267578125,11491.3564453125,12887.25390625,10471.287109375,11502.1796875,11758.67578125,8943.55078125,10313.9052734375,12834.892578125,13007.5732421875,11884.1044921875,10878.4375,10624.2626953125,10761.716796875,10720.689453125,10057.984375,9069.474609375,11655.61328125,12204.001953125,12187.537109375,13149.9130859375,12696.4228515625,13201.091796875,10567.1640625,13363.8193359375,9053.2470703125,12450.1044921875,13414.84375,8981.4365234375,9273.240234375,13774.5927734375,13002.71484375,12476.3564453125,12436.4873046875,10774.7216796875,7929.255859375,7960.32470703125,12362.794921875,12662.8876953125,11016.212890625,6300.37646484375,8633.9228515625,10582.46875,11343.7568359375,10995.51171875,11612.98828125,12430.0927734375
13573.1923828125,12760.3671875,13229.59375,13240.2158203125,12662.2998046875,13489.10546875,14098.09375,12263.896484375,13470.1474609375,12162.064453125,12723.1484375,12551.3154296875,13777.099609375,14454.021484375,10132.734375,12091.203125,11120.0185546875,11841.572265625,13546.875,11441.419921875,12801.66015625,11291.587890625,11545.28125,11337.3369140625,13154.61328125,14364.11328125,12875.7021484375,13644.8935546875,11478.416015625,13686.1494140625,12625.8837890625,12203.314453125,12046.7783203125,11377.7275390625,8551.5263671875,11119.1181640625,11501.0712890625,12350.4775390625,11729.7529296875,12560.8173828125,11505.6044921875,13859.5302734375,12008.712890625,13670.0341796875,9644.0859375,11194.1796875,11867.396484375,12456.5263671875,11295.4248046875,11606.2841796875,10443.7431640625,10444.1455078125,10789.6611328125,11033.2666015625,11923.0498046875,12202.5888671875,11379.1943359375,12186.3671875,12873.1005859375,13046.6669921875,12267.8759765625,9892.3525390625,15032.2958984375,10462.00390625,9879.8583984375,10971.8876953125,11779.9345703125,12237.3017578125,9415.384765625,12928.107421875,12531.3193359375,3870.12329101562,12553.3681640625,10688.2890625,10208.177734375,11164.4033203125,11554.4033203125,13201.1904296875,10357.1484375,12640.1416015625,4745.06640625,12583.2939453125,11062.1064453125,13009.3515625,12699.3388671875,9874.0224609375,11369.1630859375,11879.17578125,13670.0234375,12273.4892578125,9721.4775390625,12356.1865234375,11504.861328125,10708.2275390625,11999.474609375,11767.6533203125,12010.9306640625,11558.9619140625,12494.447265625,12083.1533203125,11993.1328125,10718.1708984375,10745.4091796875,12458.107421875,12936.509765625,12686.751953125,11862.251953125,13093.107421875,11335.509765625,8157.3388671875,12173.0986328125,13381.58203125,10011.736328125,13358.3896484375,12606.419921875,11512.26171875,13051.119140625,10455.3388671875,11470.439453125,11749.501953125,8985.3935546875,10340.6259765625,12787.4658203125,13098.07421875,11950.4677734375,10839.2744140625,10635.91796875,10784.3095703125,10643.9033203125,10054.7998046875,9071.6611328125,11680.7021484375,12201.4013671875,12230.6220703125,13137.4609375,12822.05078125,13195.431640625,10550.353515625,13287.830078125,9077.7841796875,12612.865234375,13381.5849609375,8954.826171875,9315.12890625,13839.04296875,12988.4599609375,12292.6220703125,12456.7578125,10741.84375,7937.55419921875,7968.21533203125,12303.4140625,12584.017578125,10978.48828125,6316.29052734375,8584.3193359375,10546.10546875,11247.708984375,11031.9140625,11530.4130859375,12429.859375
13588.1396484375,12736.388671875,13183.779296875,13216.64453125,12696.455078125,13502.8017578125,14020.794921875,12257.1044921875,13529.7275390625,12160.841796875,12701.505859375,12537.4326171875,13740.189453125,14395.48046875,10125.9189453125,12100.34375,11189.9072265625,11856.9931640625,13562.197265625,11453.451171875,12883.15234375,11341.0283203125,11562.9306640625,11316.3330078125,13118.5380859375,14378.751953125,12900.900390625,13654.6767578125,11457.1669921875,13665.873046875,12563.4208984375,12224.849609375,12079.1630859375,11415.7138671875,8528.1279296875,11176.3291015625,11569.958984375,12319.7109375,11705.25390625,12562.0546875,11538.310546875,13865.0126953125,12015.326171875,13638.96875,9676.6357421875,11263.5859375,11840.72265625,12514.2470703125,11343.2646484375,11637.0673828125,10490.60546875,10532.91015625,10829.5546875,11105.955078125,11862.8974609375,12205.66796875,11329.548828125,12168.4658203125,12851.8564453125,13086.5068359375,12230.8466796875,9895.892578125,15025.1689453125,10492.7294921875,9896.82421875,10982.087890625,11845.63671875,12210.3154296875,9428.6201171875,12949.5048828125,12479.2529296875,3898.04931640625,12591.310546875,10624.3134765625,10190.255859375,11187.294921875,11547.0712890625,13222.70703125,10362.0341796875,12661.572265625,4773.61572265625,12640.53125,11033.5439453125,13032.9716796875,12741.1376953125,9890.1787109375,11342.6689453125,11926.544921875,13675.08203125,12239.9765625,9717.6279296875,12345.2470703125,11496.3154296875,10716.1572265625,12026.603515625,11797.8125,11988.5595703125,11517.4326171875,12538.2529296875,12102.8974609375,11994.3564453125,10732.9033203125,10746.0556640625,12448.37890625,12986.994140625,12617.8701171875,11857.4345703125,13115.3876953125,11306.4140625,8134.30859375,12141.4609375,13396.5439453125,10030.130859375,13375.4755859375,12617.515625,11543.3896484375,13091.51953125,10454.2421875,11380.42578125,11753.0126953125,9011.357421875,10356.8251953125,12762.833984375,13178.5830078125,11970.1875,10770.640625,10647.5439453125,10821.685546875,10476.232421875,10041.548828125,9042.6015625,11713.6083984375,12191.451171875,12256.5986328125,13098.25390625,12873.140625,13204.2373046875,10514.0380859375,13150.7734375,9122.18359375,12653.0751953125,13335.0537109375,8857.9580078125,9353.8271484375,13871.2783203125,13006.591796875,12074.103515625,12406.8369140625,10700.087890625,7931.3427734375,7918.88427734375,12211.3349609375,12461.240234375,10891.0498046875,6319.4912109375,8526.732421875,10466.0283203125,11112.8828125,11018.0625,11423.3486328125,12432.66015625
13547.2958984375,12677.201171875,13119.794921875,13146.86328125,12680.0537109375,13518.068359375,14002.61328125,12247.751953125,13565.7998046875,12096.6728515625,12683.640625,12558.609375,13700.095703125,14353.0654296875,10155.7470703125,12075.1640625,11202.5263671875,11917.1943359375,13569.2353515625,11448.6962890625,12883.177734375,11393.6484375,11537.2529296875,11316.3212890625,13046.484375,14435.564453125,12912.7294921875,13697.1611328125,11407.517578125,13643.1005859375,12578.591796875,12244.52734375,12122.9443359375,11434.0498046875,8500.4912109375,11144.33203125,11661.197265625,12269.7470703125,11658.62890625,12570.650390625,11563.041015625,13852.4345703125,12024.2890625,13613.9072265625,9704.2734375,11340.38671875,11838.451171875,12563.6162109375,11390.3486328125,11652.5888671875,10542.9345703125,10641.4501953125,10860.255859375,11153.5751953125,11837.74609375,12241.1796875,11301.634765625,12167.69140625,12871.6474609375,13167.197265625,12224.39453125,9889.71875,15026.9755859375,10519.251953125,9891.36328125,10997.0283203125,11854.0185546875,12177.4287109375,9444.7939453125,12971.98828125,12434.9423828125,3880.22778320312,12565.845703125,10592.478515625,10194.7470703125,11200.4716796875,11515.52734375,13237.2587890625,10367.3935546875,12648.3056640625,4799.03076171875,12734.9228515625,11026.4033203125,13094.7392578125,12754.6064453125,9862.126953125,11363.57421875,11966.53125,13640.064453125,12211.7109375,9689.65625,12393.73828125,11453.8671875,10716.2822265625,12048.2998046875,11792.3251953125,11988.98828125,11487.4580078125,12549.5693359375,12100.3876953125,11980.74609375,10721.294921875,10727.80859375,12367.615234375,12913.2783203125,12584.8720703125,11829.8046875,13083.791015625,11266.99609375,8163.68896484375,12105.953125,13359.634765625,10045.3828125,13337.5166015625,12605.8486328125,11527.115234375,12997.93359375,10454.6552734375,11284.833984375,11759.904296875,9002.283203125,10361.8515625,12772.2822265625,13206.255859375,11939.060546875,10696.9140625,10637.81640625,10835.1748046875,10332.9990234375,10023.1708984375,8997.2783203125,11727.4921875,12173.8564453125,12246.3701171875,13034.0986328125,12815.3583984375,13224.1904296875,10459.6572265625,13012.5048828125,9142.7216796875,12519.134765625,13285.306640625,8730.33203125,9338.5126953125,13851.904296875,13055.1689453125,11929.6015625,12330.447265625,10653.564453125,7922.0986328125,7844.66015625,12126.2490234375,12345.705078125,10800.2021484375,6312.58740234375,8496.3662109375,10363.4580078125,10960.044921875,10957.337890625,11338.5439453125,12457.4892578125
13495.9052734375,12641.2939453125,13102.8095703125,13093.65625,12635.0869140625,13527.2724609375,14058.6396484375,12245.150390625,13573.5498046875,12048.0751953125,12692.951171875,12602.1064453125,13692.9599609375,14373.6201171875,10192.107421875,12064.2236328125,11146.4921875,11969.3232421875,13574.6328125,11454.345703125,12838.5654296875,11412.078125,11490.322265625,11321.861328125,13033.9970703125,14498.4443359375,12897.8544921875,13735.8974609375,11383.6845703125,13644.7392578125,12675.2314453125,12216.158203125,12144.8544921875,11425.107421875,8481.3359375,11063.6884765625,11687.9814453125,12255.296875,11624.234375,12599.8271484375,11555.1650390625,13846.771484375,12037.69140625,13616.126953125,9696.1552734375,11326.7958984375,11866.3720703125,12577.42578125,11402.91796875,11639.3056640625,10557.8466796875,10662.30859375,10840.4326171875,11126.1416015625,11849.2802734375,12274.7841796875,11323.271484375,12188.8115234375,12913.173828125,13223.55078125,12248.7294921875,9877.9013671875,15059.23046875,10520.32421875,9872.640625,11006.6435546875,11816.818359375,12166.888671875,9454.4375,12984.712890625,12434.7607421875,3828.0029296875,12524.5654296875,10608.689453125,10236.65234375,11233.271484375,11487.8349609375,13222.87890625,10356.5859375,12618.533203125,4792.205078125,12795.9599609375,11053.23828125,13123.373046875,12763.1162109375,9785.1689453125,11425.978515625,11949.9794921875,13611.5654296875,12207.609375,9671.3935546875,12452.6435546875,11425.6005859375,10703.9072265625,12059.1904296875,11770.0078125,12036.787109375,11485.5908203125,12484.9111328125,12080.021484375,12001.8291015625,10695.587890625,10709.8017578125,12325.85546875,12803.859375,12579.21875,11810.73046875,13028.796875,11270.4619140625,8230.2705078125,12088.3251953125,13286.41796875,10057.07421875,13281.8642578125,12578.15234375,11474.33984375,12879.798828125,10445.4453125,11245.21484375,11760.830078125,8982.0146484375,10369.7822265625,12790.396484375,13179.78125,11889.7470703125,10659.453125,10606.8408203125,10810.5625,10307.48828125,10004.3408203125,8964.56640625,11703.541015625,12161.8837890625,12218.3173828125,12980.9462890625,12722.673828125,13244.8076171875,10414.572265625,12937.9501953125,9126.2509765625,12305.123046875,13255.013671875,8633.9345703125,9283.2890625,13811.4404296875,13092.9833984375,11930.935546875,12281.373046875,10618.482421875,7926.115234375,7808.03125,12093.17578125,12292.4697265625,10749.908203125,6317.79345703125,8502.4365234375,10288.88671875,10856.5126953125,10883.685546875,11304.4775390625,12501.4833984375
13498.6083984375,12671.8154296875,13165.8349609375,13108.5986328125,12628.7109375,13533.75390625,14123.8515625,12263.5517578125,13585.4169921875,12075.08984375,12720.2734375,12646.0693359375,13729.81640625,14443.42578125,10207.611328125,12099.84765625,11088.3974609375,11966.373046875,13588.576171875,11486.43359375,12828.98046875,11385.240234375,11458.7802734375,11328.3994140625,13109.9638671875,14519.3056640625,12870.1513671875,13746.072265625,11405.0908203125,13665.2578125,12785.494140625,12159.294921875,12136.9892578125,11433.66796875,8487.2578125,11021.0341796875,11630.3818359375,12292.5048828125,11632.5556640625,12647.5068359375,11517.615234375,13851,12056.98046875,13640.1650390625,9667.501953125,11219.5185546875,11905.58203125,12551.5947265625,11391.5107421875,11637.751953125,10520.626953125,10564.6328125,10791.9140625,11055.0703125,11872.189453125,12272.806640625,11365.7109375,12216.9189453125,12931.6162109375,13183.8369140625,12273.548828125,9875.5263671875,15102.666015625,10508.8037109375,9869.228515625,11018.4765625,11791.0712890625,12182.46484375,9455.8984375,12987.7138671875,12472.0908203125,3782.466796875,12520.431640625,10645.2470703125,10295.376953125,11285.5341796875,11484.2080078125,13191.37109375,10321.8994140625,12605.53515625,4771.14306640625,12758.3115234375,11098.064453125,13085.505859375,12778.8310546875,9720.2880859375,11489.8681640625,11906.7060546875,13611.9609375,12225.5986328125,9685.8369140625,12467.6474609375,11441.2509765625,10689.4658203125,12055.1416015625,11785.119140625,12095.75390625,11516.212890625,12418.4638671875,12059.2470703125,12063.228515625,10678.5380859375,10710.802734375,12378.4365234375,12764.5947265625,12574.7802734375,11842.0625,12986.7861328125,11339.005859375,8281.1357421875,12087.0546875,13206.2255859375,10070.92578125,13278.04296875,12552.6201171875,11453.0341796875,12853.9189453125,10428.4755859375,11275.3681640625,11762.7021484375,8986.7255859375,10386.97265625,12792.6484375,13139.5146484375,11857.3291015625,10674.4501953125,10584.017578125,10776.541015625,10377.4775390625,9989.1533203125,8963.3984375,11657.771484375,12161.12109375,12207.1962890625,12970.01171875,12689.2578125,13259.248046875,10409.3662109375,12946.3212890625,9101.7119140625,12170.0791015625,13258.1396484375,8615.9228515625,9253.263671875,13792.072265625,13076.8779296875,12044.4345703125,12275.1669921875,10617.3671875,7951.33154296875,7839.103515625,12122.7763671875,12320.7314453125,10750.9580078125,6354.10498046875,8525.5498046875,10276.4296875,10878.2578125,10825.142578125,11310.6005859375,12533.724609375
13568.62109375,12751.8486328125,13271.8173828125,13181.65234375,12689.673828125,13541.1513671875,14135.51953125,12299.5634765625,13627.0751953125,12155.591796875,12733.5146484375,12669.8515625,13783.841796875,14506.833984375,10203.189453125,12156.4736328125,11100.3291015625,11917.2451171875,13606.552734375,11526.7880859375,12884.845703125,11344.822265625,11465.4921875,11351.158203125,13215.4541015625,14489.0576171875,12859.697265625,13739.251953125,11445.771484375,13677.2841796875,12830.5341796875,12129.4560546875,12116.7509765625,11487.1142578125,8515.8916015625,11053.4814453125,11551.96484375,12340.5859375,11679.40234375,12687.4501953125,11479.4765625,13850.2685546875,12078.8408203125,13667.9453125,9664.4970703125,11132.3359375,11932.8671875,12510.326171875,11392.1728515625,11675.9287109375,10468.91796875,10445.4892578125,10786.8427734375,11027.84375,11889.33203125,12243.8642578125,11385.4609375,12229.2763671875,12906.4580078125,13074.3935546875,12274.416015625,9892.3828125,15116.998046875,10513.0673828125,9895.5517578125,11035.5283203125,11809.1240234375,12206.65625,9463.9765625,12990.65625,12505.240234375,3777.26025390625,12558.6484375,10667.2373046875,10332.4697265625,11317.5439453125,11502.7998046875,13183.615234375,10286.8837890625,12619.4921875,4777.216796875,12644.7109375,11129.525390625,13018.3623046875,12785.1455078125,9721.1728515625,11512.8115234375,11901.328125,13622.7939453125,12242.880859375,9717.8515625,12431.0537109375,11481.474609375,10694.42578125,12040.6962890625,11871.236328125,12101.7646484375,11563.19921875,12441.8017578125,12050.8671875,12108.7138671875,10680.796875,10733.685546875,12462.1572265625,12825.5244140625,12563.4326171875,11919.55859375,12973.755859375,11427.5390625,8276.8369140625,12090.84375,13161.4765625,10087.52734375,13347.380859375,12549.05859375,11502.2265625,12935.7822265625,10414.0478515625,11332.7177734375,11779.056640625,9019.9931640625,10402.625,12782.4892578125,13133.6689453125,11851.1884765625,10710.8681640625,10601.802734375,10777.7939453125,10441.015625,9982.3193359375,8987.615234375,11632.78125,12161.953125,12221.6201171875,12994.7431640625,12734.2958984375,13267.568359375,10446.8388671875,12996.51171875,9099.1171875,12198.46484375,13281.28125,8673.6220703125,9287.8623046875,13803.7158203125,13009.373046875,12155.6943359375,12291.7216796875,10654.7841796875,7989.48095703125,7904.759765625,12187.52734375,12400.3974609375,10783.388671875,6411.06640625,8540.7890625,10309.388671875,11028.0419921875,10788.94921875,11323.4697265625,12518.923828125
13648.5283203125,12819.1572265625,13344.6015625,13249.93359375,12767.7529296875,13542.66796875,14104.5771484375,12326.490234375,13683.75,12210.03515625,12715.2646484375,12662.171875,13812.2060546875,14521.4189453125,10191.0107421875,12175.181640625,11176.7158203125,11878.1123046875,13613.2783203125,11538.609375,12955.5087890625,11333.0751953125,11499.8408203125,11395.1806640625,13270.9501953125,14452.4111328125,12880.3779296875,13749.1640625,11469.5869140625,13667.9443359375,12793.4775390625,12152.1611328125,12100.3505859375,11548.21875,8550.8037109375,11119.0205078125,11529.07421875,12347.5,11729.98046875,12691.41796875,11468.0634765625,13839.90625,12095.390625,13692.4658203125,9709.58203125,11175.3037109375,11940.9638671875,12492.1728515625,11417.1201171875,11721.8232421875,10461.2783203125,10436.6474609375,10862.1328125,11094.6953125,11904.7763671875,12230.5302734375,11376.7119140625,12217.2802734375,12865.001953125,13010.8544921875,12260.423828125,9917.302734375,15089.490234375,10536.9931640625,9931.7685546875,11046.3095703125,11844.9501953125,12223.7939453125,9491.5537109375,13001.9541015625,12501.1513671875,3807.57153320312,12600.751953125,10669.3701171875,10329.6591796875,11294.47265625,11526.3955078125,13226.5625,10289.2529296875,12641.3544921875,4820.36474609375,12563.2060546875,11129.6123046875,12985.8203125,12762.1962890625,9769.1279296875,11488.1494140625,11950.3583984375,13613.8076171875,12241.6669921875,9729.521484375,12376.98828125,11503.0625,10732.7177734375,12030.4677734375,11989.31640625,12036.62890625,11594.2861328125,12539.8095703125,12054.240234375,12078.896484375,10692.0810546875,10764.015625,12470.771484375,12927.3828125,12566.7314453125,11983.6650390625,12983.5341796875,11465.0390625,8231.5859375,12100.806640625,13179.2412109375,10095.6484375,13433.162109375,12572.69140625,11577.7626953125,13037.5185546875,10410.5224609375,11366.34765625,11806.7919921875,9047.40234375,10401.8525390625,12778.1787109375,13171.75390625,11857.6005859375,10722.552734375,10660.1943359375,10828.8720703125,10437.9111328125,9988.01171875,9012.7373046875,11656.759765625,12156.845703125,12231.265625,13022.7080078125,12799.083984375,13270.8359375,10498.7685546875,13028.080078125,9110.669921875,12335.9462890625,13292.7080078125,8756.337890625,9350.9609375,13822.501953125,12944.6376953125,12179.9638671875,12311.4873046875,10703.1484375,8020.32177734375,7944.18017578125,12256.3779296875,12480.1220703125,10821.611328125,6450.86767578125,8542.041015625,10340.7900390625,11210.9248046875,10777.7216796875,11324.6171875,12452.2880859375
13668.14453125,12824.36328125,13338.2392578125,13259.734375,12787.16015625,13529.5625,14090.9716796875,12319.083984375,13715.3603515625,12185.994140625,12685.775390625,12628.2353515625,13794.4365234375,14489.8203125,10170.009765625,12128.638671875,11240.2607421875,11891.5546875,13601.126953125,11504.9208984375,12966.1083984375,11357.4404296875,11526.716796875,11432.537109375,13253.7529296875,14458.416015625,12910.6953125,13791.087890625,11467.0703125,13651.326171875,12726.0126953125,12198.0751953125,12084.62890625,11553.236328125,8582.171875,11153.986328125,11570.8037109375,12306.2060546875,11750.6396484375,12659.095703125,11480.9892578125,13832.615234375,12095.7841796875,13717.46875,9770.501953125,11326.6591796875,11938.0693359375,12518.5791015625,11435.9248046875,11720.9208984375,10517.4189453125,10561.4736328125,10963.9248046875,11208.7734375,11926.0791015625,12257.6796875,11369.5546875,12195.896484375,12852.0390625,13064.4677734375,12260.9951171875,9924.7333984375,15057.001953125,10550.9453125,9944.8984375,11040.431640625,11851.0234375,12230.619140625,9525.5263671875,13019.126953125,12469.248046875,3837.13525390625,12609.9013671875,10672.57421875,10303.2998046875,11230.2958984375,11540.7392578125,13298.0546875,10337.8486328125,12649.052734375,4861.00244140625,12602.966796875,11108.583984375,13014.0576171875,12720.5869140625,9799.6005859375,11450.9248046875,12001.9658203125,13585.1845703125,12232.7666015625,9701.9736328125,12342.439453125,11488.294921875,10791.3017578125,12038.1123046875,12046.28125,11954.716796875,11584.5390625,12603.3994140625,12061.361328125,11980.75,10694.1455078125,10781.9892578125,12381.5087890625,12990.07421875,12607.5556640625,11978.6279296875,13001.08203125,11426.5478515625,8194.7841796875,12130.3427734375,13242.37109375,10081.7451171875,13456.84375,12608.9921875,11598.9638671875,13062.9423828125,10420.05078125,11366.732421875,11822.61328125,9036.77734375,10383.591796875,12784.2451171875,13208.9501953125,11863.3837890625,10702.1904296875,10720.578125,10897.5859375,10411.5224609375,10005.9140625,9018.4951171875,11712.8876953125,12155.1611328125,12203.1123046875,13034.7587890625,12823.783203125,13267.0537109375,10534.4091796875,13021.1357421875,9104.689453125,12455.7802734375,13273.37109375,8810.1513671875,9370.73046875,13824.5185546875,12942.6669921875,12144.412109375,12335.6279296875,10724.0126953125,8026.33984375,7931.59033203125,12319.63671875,12529.5810546875,10853.0390625,6442.55322265625,8543.82421875,10348.0546875,11313.9580078125,10802.4716796875,11328.796875,12371.798828125
13618.041015625,12775.3857421875,13276.1376953125,13220.712890625,12733.7314453125,13509.607421875,14123.205078125,12283.630859375,13698.2734375,12108.2421875,12682.0732421875,12589.484375,13751.279296875,14443.2685546875,10132.705078125,12053.984375,11234.1123046875,11940.298828125,13578.6123046875,11449.3076171875,12896.890625,11385.57421875,11517.5908203125,11425.1494140625,13208.53125,14498.9140625,12912.25390625,13837.947265625,11456.0732421875,13643.9609375,12687.8310546875,12222.0478515625,12057.6259765625,11489.0380859375,8609.9482421875,11138.9814453125,11615.697265625,12256.986328125,11733.6279296875,12621.283203125,11489.462890625,13835.5498046875,12071.6015625,13736.83984375,9789.9775390625,11448.5537109375,11933.14453125,12570.2841796875,11411.8203125,11671.609375,10593.185546875,10703.1181640625,10996.1416015625,11268.728515625,11945.7958984375,12299.1572265625,11382.1748046875,12188.19921875,12880.40625,13163.4482421875,12286.951171875,9900.85546875,15071.5595703125,10528.1591796875,9927.78515625,11023.7060546875,11816.3681640625,12226.62109375,9531.6396484375,13029.0546875,12449.0869140625,3836.29028320312,12582.439453125,10689.5029296875,10281.39453125,11175.8896484375,11545.0693359375,13342.2001953125,10394.9462890625,12639.6953125,4853.263671875,12736.1259765625,11090.1376953125,13075.0712890625,12698.7314453125,9785.6328125,11442.716796875,11998.05859375,13574.70703125,12244.6572265625,9656.947265625,12344.0625,11460.4013671875,10832.337890625,12062.6259765625,11980.53125,11927.2998046875,11540.900390625,12561.1640625,12066.6318359375,11885.5732421875,10679.779296875,10776.9228515625,12283.5234375,12987.0498046875,12673.5908203125,11913.4453125,13013.2548828125,11352.455078125,8194.7265625,12180.20703125,13301.111328125,10048.3720703125,13396.029296875,12635.044921875,11541.5986328125,12997.0078125,10440.443359375,11362.9609375,11807.90625,8995.8203125,10361.5068359375,12788.0458984375,13184.8046875,11870.99609375,10691.3564453125,10738.56640625,10935.6533203125,10440.6572265625,10029.5390625,9006.341796875,11754.06640625,12170.4462890625,12145.642578125,13042.0078125,12807.240234375,13255.0654296875,10548.126953125,13012.7666015625,9072.8466796875,12477.033203125,13237.2734375,8825.50390625,9324.7919921875,13809.6279296875,13014.8876953125,12146.2373046875,12370.8310546875,10707.919921875,8007.00732421875,7897.85302734375,12372.99609375,12554.2412109375,10875.783203125,6393.7314453125,8561.1923828125,10356.7880859375,11309.6806640625,10868.0078125,11360.7802734375,12331.138671875
13556.658203125,12725.80078125,13222.7529296875,13194.35546875,12671.740234375,13506.1689453125,14165.8056640625,12255.5498046875,13643.181640625,12042.7138671875,12714.0078125,12569.0927734375,13724.41015625,14406.4619140625,10089.3154296875,12016.037109375,11189.4697265625,11967.6630859375,13559.8828125,11415.6220703125,12801.0791015625,11384.6513671875,11473.7783203125,11368.5966796875,13191.666015625,14511.4638671875,12870.115234375,13842.05078125,11454.2158203125,13640.6708984375,12690.75,12212.939453125,12021.181640625,11413.0458984375,8627.0224609375,11100.8056640625,11605.0029296875,12237.8173828125,11694.794921875,12610.78125,11471.9873046875,13834.29296875,12026.5224609375,13728.2626953125,9744.2587890625,11430.763671875,11927.1767578125,12600.236328125,11349.8623046875,11636.7294921875,10620.357421875,10723.837890625,10922.4462890625,11220.0703125,11947.46875,12305.318359375,11393.2080078125,12199.9296875,12918.642578125,13164.9404296875,12311.9814453125,9861.0751953125,15141.1533203125,10482.0771484375,9907.380859375,11009.146484375,11777.1953125,12206.8759765625,9489.556640625,13018.70703125,12465.4775390625,3810.97729492188,12539.7578125,10704.2607421875,10273.6474609375,11164.34765625,11545.7392578125,13323.8955078125,10410.8076171875,12623.6865234375,4799.1044921875,12838.1259765625,11084.39453125,13123.14453125,12723.4296875,9768.8212890625,11469.8359375,11939.6318359375,13616.470703125,12285.14453125,9633.4072265625,12382.1357421875,11450.3154296875,10823.25,12086.875,11829.4541015625,11966.9091796875,11498.900390625,12461.755859375,12068.98828125,11855.6904296875,10657.71875,10753.3935546875,12274.8857421875,12953.7314453125,12718.7607421875,11850.2685546875,13012.396484375,11297.9248046875,8211.1904296875,12221.6328125,13319.07421875,10018.8095703125,13299.6357421875,12634.837890625,11465.005859375,12905.1875,10466.2841796875,11376.84375,11772.310546875,8963.2734375,10348.0400390625,12782.19921875,13084.8154296875,11888.7099609375,10729.0126953125,10703.7734375,10923.4970703125,10530.5595703125,10050.513671875,8995.2314453125,11748.07421875,12195.84765625,12105.7314453125,13062.0078125,12789.15625,13239.0361328125,10555.8447265625,13048.6123046875,9046.9501953125,12415.599609375,13218.2939453125,8837.4326171875,9267.7861328125,13792.9609375,13112.751953125,12229.3671875,12406.6201171875,10686.1416015625,7979.87744140625,7890.61669921875,12391.818359375,12571.8896484375,10887.150390625,6343.5,8590.7236328125,10402.771484375,11265.3583984375,10951.5048828125,11416.2158203125,12354.453125
13543.6259765625,12720.2109375,13218.796875,13224.72265625,12666.9521484375,13530.7734375,14168.3701171875,12262.017578125,13574.8359375,12022.580078125,12747.82421875,12571.7666015625,13735.9833984375,14384.326171875,10066.7998046875,12040.8515625,11183.169921875,11940.8701171875,13550.767578125,11426.4169921875,12748.90625,11355.96875,11420.224609375,11301.125,13214.22265625,14451.2646484375,12812.236328125,13784.18359375,11459.7509765625,13624.2685546875,12703.7421875,12194.7216796875,11995.5478515625,11389.650390625,8614.2421875,11066.873046875,11549.0439453125,12245.748046875,11656.6591796875,12630.6796875,11441.6025390625,13811.208984375,11980.322265625,13677.138671875,9667.2294921875,11299.869140625,11917.912109375,12577.513671875,11297.5078125,11667.916015625,10572.240234375,10604.3896484375,10803.8916015625,11107.4560546875,11925.9375,12260.7470703125,11371.1181640625,12212.564453125,12927.94921875,13025.5625,12298.7890625,9836.8466796875,15210.3828125,10455.673828125,9910.5,10998.2783203125,11773.1865234375,12172.9296875,9419.947265625,12988.7998046875,12500.7001953125,3792.29223632812,12503.400390625,10691.591796875,10269.029296875,11178.4375,11542.9189453125,13265.2412109375,10375.6748046875,12606.1826171875,4748.30224609375,12810.6171875,11080.7109375,13135.0234375,12778.3447265625,9796.7529296875,11498.2666015625,11879.9140625,13692.9814453125,12322.1328125,9645.1494140625,12445.7314453125,11459.080078125,10769.6953125,12091.369140625,11701.18359375,12018.314453125,11488.587890625,12406.8798828125,12067.98828125,11883.60546875,10641.7236328125,10725.5908203125,12350.3349609375,12934.2060546875,12707.3681640625,11833.068359375,12999.138671875,11277.5498046875,8207.888671875,12216.8017578125,13302.6796875,10016.505859375,13233.4892578125,12607.1494140625,11441.4921875,12858.6689453125,10488.2138671875,11392.693359375,11745.2744140625,8965.5439453125,10342.259765625,12777.2470703125,12963.08203125,11910.4814453125,10797.123046875,10646.5947265625,10882.2080078125,10598.84765625,10064.6591796875,9000.0751953125,11705.7841796875,12204.72265625,12117.958984375,13088.166015625,12793.126953125,13225.0302734375,10567.30859375,13119.6123046875,9061.0673828125,12338.4033203125,13236.9560546875,8875.615234375,9265.3046875,13786.189453125,13168.9453125,12322.3681640625,12418.9189453125,10694.6171875,7966.01416015625,7920.96044921875,12345.1064453125,12581.724609375,10881.3779296875,6322.56494140625,8612.966796875,10476.2802734375,11248.2783203125,11010.2265625,11453.81640625,12416.3349609375
13576.6806640625,12752.1298828125,13247.0673828125,13284.3330078125,12706.55078125,13560.98828125,14126.96875,12291.171875,13508.2119140625,12023.9833984375,12739.451171875,12579.306640625,13768.8251953125,14375.1689453125,10077.8935546875,12092.236328125,11235.7275390625,11885.1708984375,13548.6650390625,11463.427734375,12762.775390625,11326.2119140625,11380.44140625,11266.142578125,13238.4072265625,14350.6103515625,12784.896484375,13700.5224609375,11459.8740234375,13593.6845703125,12699.6796875,12185.30078125,12000.5615234375,11419.1484375,8563.7626953125,11040.23828125,11514.171875,12253.4033203125,11637.9521484375,12652.7265625,11433.90625,13775.0087890625,11956.748046875,13603.234375,9616.095703125,11177.7421875,11907.4609375,12519.251953125,11294.7470703125,11735.3310546875,10487.640625,10453.2001953125,10729.88671875,11025.7958984375,11894.2216796875,12203.376953125,11321.443359375,12204.5380859375,12904.34765625,12865.0556640625,12243.3154296875,9843.806640625,15209.4609375,10472.3720703125,9929.1689453125,10982.3681640625,11805.6728515625,12144.6455078125,9370.0400390625,12958.5498046875,12514.28515625,3799.75537109375,12484.3359375,10650.83203125,10257.94921875,11177.8154296875,11527.9912109375,13222.8447265625,10330.2783203125,12584.779296875,4744.080078125,12676.3828125,11067.865234375,13116.6396484375,12818.14453125,9850.1689453125,11491.0947265625,11862.4580078125,13738.55859375,12314.0244140625,9667.3359375,12507.09375,11462.208984375,10715.6826171875,12071.09765625,11673.404296875,12024.90234375,11504.228515625,12427.5908203125,12062.61328125,11911.556640625,10639.173828125,10705.2822265625,12412.10546875,12933.134765625,12653.5224609375,11843.3173828125,12985.6171875,11267.236328125,8181.62255859375,12161.232421875,13282.8642578125,10038.2451171875,13224.8408203125,12567.3642578125,11474.4931640625,12871.8984375,10495.3681640625,11378.3095703125,11744.1298828125,8989.80859375,10336.1748046875,12785.4423828125,12899.935546875,11913.884765625,10831.224609375,10606.9150390625,10843.8310546875,10571.697265625,10071.966796875,9015.3544921875,11666.1318359375,12182.0107421875,12165.3828125,13093.8798828125,12806.83984375,13214.544921875,10568.9853515625,13157.4169921875,9107.037109375,12294.85546875,13281.7998046875,8918.833984375,9313.0283203125,13795.4248046875,13152.5869140625,12313.666015625,12396.1875,10728.7158203125,7971.71240234375,7954.9072265625,12242.0166015625,12562.57421875,10858.595703125,6324.99365234375,8612.693359375,10518.15625,11242.96484375,11016.962890625,11433.5791015625,12468.6171875
13603.4658203125,12776.7216796875,13262.2705078125,13298.0712890625,12715.0908203125,13557.0751953125,14083.05078125,12305.7939453125,13452.361328125,12013.4775390625,12683.0908203125,12570.7939453125,13787.2314453125,14382.529296875,10103.1435546875,12114.849609375,11279.00390625,11852.3515625,13552.9912109375,11490.5419921875,12809.3056640625,11313.4873046875,11361.6943359375,11274.4482421875,13221.9677734375,14292.73828125,12808.12890625,13657.0322265625,11449.740234375,13570.01171875,12683.908203125,12171.892578125,12037.0537109375,11444.154296875,8502.099609375,11019.97265625,11547.7431640625,12252.7509765625,11651.7529296875,12646.96875,11467.2265625,13758.5146484375,11963.4560546875,13552.5751953125,9617.4775390625,11149.3173828125,11901.916015625,12475.1259765625,11331.939453125,11757.6923828125,10430.2939453125,10386.5556640625,10725.7373046875,11027.466796875,11869.384765625,12181.8359375,11288.7314453125,12177.3994140625,12879.2373046875,12836.93359375,12187.451171875,9866.3828125,15126.9814453125,10507.2060546875,9930.2099609375,10963.068359375,11844.5947265625,12148.208984375,9370.1435546875,12953.3623046875,12487.638671875,3820.45556640625,12486.3115234375,10611.5537109375,10247.0947265625,11151.4765625,11496.7763671875,13229.0830078125,10321.6484375,12565.2001953125,4778.49462890625,12549.2080078125,11054.16015625,13086.05078125,12814.66015625,9860.08984375,11449.1435546875,11882.7412109375,13702.267578125,12259.6533203125,9667.0048828125,12526.51171875,11446.92578125,10704.5859375,12040.7548828125,11725.4658203125,11992.763671875,11513.3779296875,12462.921875,12054.7431640625,11904.072265625,10650.521484375,10693.3359375,12388.6552734375,12923.626953125,12608.5859375,11834.9306640625,12990.515625,11248.9091796875,8165.7333984375,12098.84765625,13276.560546875,10052.9091796875,13259.8974609375,12544.5869140625,11502.48046875,12910.7783203125,10482.2939453125,11328.0888671875,11756.751953125,9001.9716796875,10330.24609375,12800.0234375,12935.2939453125,11883.8984375,10789.2470703125,10598.7626953125,10817.0078125,10470.5126953125,10070.23046875,9021.68359375,11658.703125,12147.4482421875,12199.6376953125,13067.005859375,12814.8408203125,13206.5498046875,10538.7685546875,13102.490234375,9141.677734375,12298.5791015625,13322.296875,8908.744140625,9341.1005859375,13828.3173828125,13090.8759765625,12178.6376953125,12354.9501953125,10744.4033203125,7983.39208984375,7953.775390625,12147.1953125,12501.3623046875,10830.6875,6322.9853515625,8594.3994140625,10478.634765625,11181.0126953125,10982.83984375,11362.1650390625,12487.21484375
13589.1591796875,12763.451171875,13248.5595703125,13225.16796875,12651.8359375,13505.1494140625,14070.4638671875,12287.3671875,13426.513671875,12000.7265625,12620.984375,12547.41015625,13774.892578125,14407.9541015625,10115.46875,12093.4765625,11238.9658203125,11863.33203125,13568.49609375,11492.884765625,12845.4951171875,11313.248046875,11362.28125,11307.7470703125,13161.0185546875,14325.4716796875,12857.7421875,13692.3173828125,11436.66796875,13571.8037109375,12678.849609375,12135.3876953125,12089.4189453125,11423.7734375,8475.2890625,11023.568359375,11625.7451171875,12265.6220703125,11699.921875,12612.3046875,11520.1181640625,13782.2392578125,11986.744140625,13556.76171875,9648.9501953125,11191.5986328125,11905.3916015625,12479.6572265625,11364.029296875,11704.2998046875,10428.8359375,10420.466796875,10742.3388671875,11082.515625,11857.19921875,12202.2109375,11307.7265625,12155.96875,12882.1064453125,12954.31640625,12182.4677734375,9876.751953125,15029.0498046875,10514.45703125,9898.4462890625,10959.693359375,11867.900390625,12187.169921875,9406.658203125,12981.666015625,12443.638671875,3827.2314453125,12505.0771484375,10602.6494140625,10248.8193359375,11131.6591796875,11464.0263671875,13260.8701171875,10354.04296875,12568.05859375,4807.6416015625,12520.3828125,11059.0537109375,13060.5205078125,12784.5625,9798.490234375,11411.8203125,11911.1162109375,13608.6572265625,12206.345703125,9642.2578125,12482.9189453125,11431.5693359375,10737.8369140625,12023.8212890625,11775.0263671875,11980.15234375,11497.1943359375,12458.7734375,12050.4267578125,11886.3349609375,10674.2060546875,10681.7080078125,12318.5126953125,12891.505859375,12606.70703125,11800.1484375,13022.69140625,11235.2255859375,8185.21142578125,12083.8935546875,13276.017578125,10032.6875,13316.1513671875,12566.623046875,11478.1650390625,12944.8896484375,10453.873046875,11273.6328125,11758.7216796875,8985.078125,10336.56640625,12801.9345703125,13041.3955078125,11836.7109375,10701.1748046875,10605.7529296875,10786.634765625,10385.453125,10052.298828125,9008.302734375,11682.8525390625,12136.4169921875,12196.8671875,13030.0439453125,12827.69921875,13206.5869140625,10475.3046875,12975.54296875,9138.259765625,12349.0537109375,13336.1572265625,8813.6728515625,9301.0859375,13886.2548828125,13042.265625,12010.6689453125,12324.8544921875,10709.5205078125,7981.06640625,7914.234375,12128.7578125,12417.6962890625,10813.4697265625,6305.0146484375,8576.8203125,10375.048828125,11043.4833984375,10940.6494140625,11293.583984375,12489.4482421875
13555.84375,12730.2685546875,13237.6640625,13110.6826171875,12571.8505859375,13437.4521484375,14081.42578125,12257.8203125,13451.748046875,12026.6328125,12602.3095703125,12532.5224609375,13748.4169921875,14438.9560546875,10117.2509765625,12063.2314453125,11132.494140625,11890.6943359375,13594.8515625,11487.8916015625,12859.9521484375,11315.783203125,11383.4345703125,11348.3408203125,13091.7373046875,14411.126953125,12891.6064453125,13781.5869140625,11427.697265625,13592.9951171875,12693.5751953125,12087.8681640625,12141.9853515625,11384.4453125,8504.3408203125,11069.380859375,11679.4404296875,12307.021484375,11763.4521484375,12577.619140625,11552.701171875,13828.3564453125,12009.1328125,13602.5498046875,9668.4921875,11226.6298828125,11917.2119140625,12522.9345703125,11361.939453125,11643.2001953125,10458.7060546875,10483.177734375,10729.595703125,11122.2158203125,11854.0458984375,12227.02734375,11362.8369140625,12160.76171875,12910.44140625,13077.5537109375,12238.2265625,9866.5810546875,14997.0986328125,10480.1328125,9859.1943359375,10986.134765625,11881.3779296875,12231.880859375,9438.6630859375,13021.9794921875,12420.7451171875,3813.31787109375,12522.8291015625,10621.2666015625,10261.4873046875,11152.4306640625,11459.083984375,13269.4150390625,10389.892578125,12609.830078125,4803.89501953125,12584.9873046875,11084.951171875,13053.94921875,12768.0078125,9725.2216796875,11416.673828125,11934.751953125,13544.033203125,12199.62109375,9624.765625,12403.458984375,11441.0390625,10775.0185546875,12033.4091796875,11772.91796875,12027.4169921875,11474.9189453125,12446.6943359375,12054.4111328125,11906.40625,10706.0927734375,10663.8408203125,12300.4140625,12856.345703125,12628.462890625,11780.4990234375,13067.19140625,11246.923828125,8222.5888671875,12125.248046875,13271.763671875,9985.0703125,13378.7607421875,12633.435546875,11422.9609375,12975.341796875,10422.8369140625,11249.5927734375,11742.4208984375,8954.1416015625,10363.427734375,12786.666015625,13153.30078125,11811.494140625,10641.9404296875,10606.1298828125,10743.4541015625,10373.189453125,10014.4208984375,8986.087890625,11716.7841796875,12157.4814453125,12182.1171875,13017.900390625,12862.38671875,13226.5732421875,10406.7529296875,12870.6884765625,9117.5751953125,12437.478515625,13323.25,8673.5830078125,9229.8837890625,13946.021484375,13047.240234375,11921.9365234375,12319.970703125,10646.5263671875,7958.10693359375,7865.9384765625,12187.8837890625,12354.443359375,10812.44140625,6290.2158203125,8573.646484375,10282.0751953125,10904.1328125,10910.6357421875,11279.2998046875,12504.4267578125
13548.1455078125,12720.4296875,13265.4755859375,13045.2783203125,12569.951171875,13402.5185546875,14086.9951171875,12251.6083984375,13518.369140625,12101.7802734375,12635.482421875,12544.7509765625,13733.5791015625,14454.8291015625,10137.9638671875,12063.9716796875,11054.5244140625,11895.572265625,13617.005859375,11497.6923828125,12866.5751953125,11323.3984375,11425.5712890625,11391.1708984375,13054.8095703125,14466.91796875,12889.8154296875,13855.2265625,11420.1904296875,13611.8564453125,12715.37890625,12067.865234375,12186.607421875,11385.8603515625,8561.1396484375,11140.9658203125,11668.91796875,12351.5498046875,11805.8203125,12573.0341796875,11547.283203125,13859.041015625,12027.8359375,13645.5048828125,9655.2978515625,11215.130859375,11933.7060546875,12567.630859375,11339.3486328125,11666.7978515625,10477.5283203125,10508.8515625,10696.9990234375,11108.08203125,11858.953125,12224.5009765625,11404.861328125,12184.0947265625,12937.451171875,13076.26953125,12310.185546875,9854.59765625,15044.1064453125,10437.509765625,9850.0634765625,11025.4697265625,11898.310546875,12245.494140625,9438.087890625,13038.060546875,12432.4072265625,3801.55297851562,12516.5029296875,10638.0517578125,10267.4482421875,11202.8544921875,11500.0439453125,13235.912109375,10396.416015625,12677.0390625,4781.6162109375,12671.0185546875,11106.888671875,13072.0634765625,12782.33984375,9723.271484375,11459.0361328125,11961.5244140625,13570.0029296875,12230.7333984375,9642.6240234375,12350.126953125,11470.8359375,10776.67578125,12059.21484375,11746.716796875,12108.28515625,11481.6201171875,12494.6181640625,12063.5947265625,11971.783203125,10734.4140625,10643.546875,12371.775390625,12844.59375,12624.4208984375,11810.37890625,13092.7451171875,11279.9716796875,8238.4677734375,12175.490234375,13270.7373046875,9948.501953125,13430.1748046875,12704.2548828125,11393.70703125,13012.076171875,10402.5068359375,11257.662109375,11722.49609375,8935.533203125,10399.5830078125,12773.51171875,13217.962890625,11831.9111328125,10657.32421875,10595.7216796875,10704.373046875,10403.7236328125,9968.2578125,8975.6220703125,11738.171875,12179.5498046875,12193.7626953125,13037.7158203125,12902.1923828125,13268.0908203125,10366.705078125,12869.146484375,9119.3935546875,12527.4443359375,13298.767578125,8572.455078125,9210.2841796875,13964.2470703125,13097.5498046875,11932.5712890625,12327.7939453125,10613.439453125,7928.55908203125,7836.46337890625,12253.21875,12341.8896484375,10818.2783203125,6302.24853515625,8581.5537109375,10262.3232421875,10854.6044921875,10889.98828125,11318.2783203125,12532.7724609375
13572.220703125,12748.21484375,13318.408203125,13072.775390625,12666.5185546875,13416.54296875,14075.5986328125,12271.6533203125,13574.421875,12176.1484375,12684.3876953125,12575.1611328125,13734.1044921875,14447.3720703125,10191.4091796875,12094.7265625,11067.392578125,11870.3701171875,13613.0244140625,11519.048828125,12869.9755859375,11341.716796875,11475.033203125,11429.111328125,13058.970703125,14446.8076171875,12865.9033203125,13855.5361328125,11407.8564453125,13616.62109375,12724.517578125,12093.8681640625,12215.07421875,11444.0654296875,8595.3798828125,11188.53515625,11621.88671875,12352.005859375,11798.3310546875,12599.7548828125,11521.22265625,13857.4638671875,12048.3388671875,13652.7783203125,9621.869140625,11181.09375,11949.333984375,12587.2099609375,11327.1591796875,11776.4921875,10469.2548828125,10493.5908203125,10691.005859375,11055.638671875,11875.701171875,12205.583984375,11403.4404296875,12198.3046875,12942.1015625,12970.591796875,12338.71875,9861.5791015625,15098.7216796875,10428.3984375,9875.607421875,11040.9892578125,11911.6015625,12220.0029296875,9411.6845703125,13013.416015625,12456.93359375,3816.39477539062,12482.9365234375,10631.5751953125,10251.533203125,11231.798828125,11568.95703125,13189.8037109375,10381.06640625,12727.5341796875,4770.865234375,12718.2080078125,11098.736328125,13104.1220703125,12803.1796875,9796.369140625,11493.2158203125,11990.4501953125,13651.4306640625,12247.1435546875,9686.337890625,12364.94921875,11488.28125,10744.4208984375,12072.37890625,11750.0947265625,12155.4111328125,11523.869140625,12598.130859375,12068.24609375,12038.173828125,10742.173828125,10633.62109375,12461.2744140625,12853.21875,12572.654296875,11869.4111328125,13079.775390625,11307.771484375,8219.25390625,12181.240234375,13283.9091796875,9953.0341796875,13447.3701171875,12724.9599609375,11410.36328125,13041.845703125,10400.935546875,11271.1435546875,11714.1591796875,8939.3388671875,10419.8369140625,12782.4248046875,13217.1513671875,11877.3740234375,10723.78515625,10585.12890625,10697.302734375,10412.35546875,9939.724609375,8983.6591796875,11735.7490234375,12168.5263671875,12233.5830078125,13059.0126953125,12898.7705078125,13307.9853515625,10362.611328125,12960.91015625,9150.6201171875,12559.205078125,13280.26171875,8561.9462890625,9273.0712890625,13916.666015625,13146.7685546875,11973.1591796875,12326.1044921875,10641.1142578125,7914.91357421875,7826.5205078125,12254.044921875,12371.869140625,10817.4501953125,6336.71728515625,8586.6318359375,10310.3671875,10900.759765625,10872.6171875,11360.36328125,12544.326171875
13586.361328125,12778.46875,13338.0087890625,13146.6025390625,12771.1328125,13450.37890625,14059.408203125,12284.1845703125,13565.8896484375,12184.91796875,12709.060546875,12596.7265625,13729.654296875,14430.20703125,10248.6005859375,12119.2822265625,11129.47265625,11838.9580078125,13575.2373046875,11529.28515625,12853.5439453125,11361.84375,11505.2216796875,11445.0078125,13076.671875,14375.341796875,12842.5966796875,13782.1318359375,11391.9755859375,13613.37890625,12708.8935546875,12135.2060546875,12213.7255859375,11505.302734375,8583.5791015625,11177.09765625,11597.8095703125,12293.35546875,11747.4208984375,12627.8154296875,11499.384765625,13841.3876953125,12061.1005859375,13629.7490234375,9594.2421875,11161.29296875,11956.232421875,12581.5703125,11333.29296875,11866.7470703125,10451.353515625,10466.5859375,10727.806640625,11004.4560546875,11901.392578125,12204.7294921875,11372.6875,12187.0751953125,12925.2333984375,12889.0234375,12302.435546875,9883.53125,15079.4765625,10456.8759765625,9901.3203125,11017.4228515625,11897.7783203125,12181.447265625,9387.4189453125,12971.1787109375,12466.17578125,3851.58666992188,12452.0703125,10611.0029296875,10217.9951171875,11201.8955078125,11616.791015625,13171.0234375,10375.357421875,12724.509765625,4778.1650390625,12718.2216796875,11067.287109375,13126.59375,12794.3603515625,9856.9150390625,11475.1279296875,12000.3095703125,13683.150390625,12217.42578125,9717.0927734375,12427.9716796875,11472.0576171875,10715.6162109375,12048.4716796875,11789.2001953125,12129.5341796875,11566.7099609375,12664.76953125,12061.1337890625,12061.3154296875,10720.94921875,10645.2939453125,12470.669921875,12853.9697265625,12505.166015625,11907.103515625,13042.3984375,11312.2158203125,8190.67431640625,12140.4375,13305.11328125,9988.03125,13425.4248046875,12680.6103515625,11437.4443359375,13036.2783203125,10417.8203125,11270.736328125,11715.05859375,8954.630859375,10409.716796875,12808.865234375,13160.7021484375,11899.7890625,10779.98046875,10580.783203125,10728.4453125,10382.65625,9949.3818359375,8995.677734375,11710.8408203125,12131.046875,12264.5751953125,13047.6845703125,12825.8408203125,13311.49609375,10371.396484375,13057.392578125,9175.6279296875,12502.2578125,13280.7568359375,8615.4326171875,9358.017578125,13832.6640625,13151.1640625,11983.46875,12308.1298828125,10698.2900390625,7927.86767578125,7819.17333984375,12192.95703125,12407.921875,10806.33203125,6363.8662109375,8579.6630859375,10366.3154296875,10957.4814453125,10865.587890625,11359.9765625,12516.3310546875
13553.8935546875,12767.974609375,13286.205078125,13183.9404296875,12775.1220703125,13464.5771484375,14049.5546875,12260.6865234375,13494.1494140625,12120.17578125,12703.6884765625,12595.349609375,13703.6328125,14422.689453125,10266.0166015625,12111.6015625,11152.8623046875,11822.61328125,13521.8779296875,11519.703125,12806.697265625,11365.1796875,11498.322265625,11430.666015625,13073.7138671875,14307.9716796875,12826.2734375,13688.7666015625,11381.3310546875,13610.099609375,12667.876953125,12142.1171875,12174.8642578125,11503.4765625,8546.4375,11126.2216796875,11620.66015625,12217.376953125,11692.5390625,12623.78125,11483.0888671875,13834.8173828125,12038.146484375,13606.3173828125,9587.783203125,11160.99609375,11947.548828125,12561.1220703125,11339.2509765625,11836.3359375,10446.9072265625,10440.2080078125,10771.15234375,10980.5498046875,11919.7568359375,12231.9892578125,11344.6162109375,12163.490234375,12899.974609375,12907.0859375,12234.0244140625,9896.232421875,14983.1416015625,10488.71484375,9895.2333984375,10982.265625,11848.0810546875,12159.671875,9385.7060546875,12953.9384765625,12457.4111328125,3872.65576171875,12461.86328125,10602.1484375,10187.61328125,11132.951171875,11601.8359375,13183.4609375,10390.3505859375,12670.5791015625,4783.4404296875,12694.4169921875,11050.0498046875,13123.55859375,12752.4658203125,9824.8681640625,11405.8310546875,11976.8701171875,13598.73046875,12172.96875,9708.0498046875,12475.681640625,11440.697265625,10720.6748046875,11992.00390625,11819.0810546875,12057.6015625,11569.7763671875,12622.1669921875,12045.03515625,12046.30859375,10682.6357421875,10678.6171875,12387.4296875,12833.7314453125,12474.5830078125,11906.5693359375,13018.39453125,11300.734375,8182.0986328125,12101.029296875,13315.1552734375,10013.1865234375,13395.6708984375,12616.9208984375,11437.49609375,12991.8056640625,10442.6220703125,11265.7138671875,11714.0390625,8966.25390625,10382.49609375,12830.9287109375,13075.3359375,11872.7578125,10787.1328125,10576.5498046875,10771.6796875,10358.2158203125,9991.302734375,8993.9228515625,11676.7421875,12110.6298828125,12257.3095703125,13006.0185546875,12721.56640625,13267.6005859375,10367.232421875,13081.83984375,9160.3076171875,12402.4609375,13304.470703125,8660.9765625,9381.0810546875,13776.615234375,13106.30078125,11978.90625,12290.3642578125,10725.2236328125,7956.91552734375,7805.3134765625,12137.1728515625,12420.642578125,10793.80859375,6363.22216796875,8563.3837890625,10378.9658203125,10949.63671875,10877.521484375,11323.12109375,12464.345703125
13490.2021484375,12722.0029296875,13197.2060546875,13155.7216796875,12671.892578125,13449.7080078125,14040.6640625,12216.2578125,13423.2841796875,12042.3828125,12692.6513671875,12584.3642578125,13666.0576171875,14426.896484375,10236.501953125,12084.8173828125,11116.341796875,11818.7294921875,13484.5068359375,11510.1865234375,12753.98046875,11348.0908203125,11463.466796875,11405.0908203125,13043.7587890625,14275.5869140625,12810.666015625,13637.3955078125,11380.9951171875,13604.4453125,12613.5048828125,12102.7939453125,12113.4501953125,11434.9033203125,8520.265625,11090.5947265625,11655.6357421875,12184.6171875,11670.8232421875,12582.2705078125,11455.4345703125,13836.10546875,11965.5517578125,13603.4599609375,9600.64453125,11166.1142578125,11925.162109375,12529.6015625,11332.7138671875,11701.71875,10459.966796875,10409.7998046875,10779.2490234375,10987.349609375,11913.2841796875,12258.2109375,11329.6787109375,12153.8818359375,12876.3828125,12967.615234375,12185.7900390625,9885.87109375,14891.6689453125,10493.216796875,9866.220703125,10976.1279296875,11786.0126953125,12159.693359375,9405.2412109375,12979.5224609375,12452.48828125,3853.33056640625,12513.3603515625,10616.4912109375,10179.92578125,11085.314453125,11529.7666015625,13195.7158203125,10400.1494140625,12606.41796875,4771.30712890625,12668.087890625,11073.439453125,13102.654296875,12713.767578125,9721.337890625,11334.5908203125,11937.9033203125,13449.6328125,12172.5283203125,9672.068359375,12463.0546875,11432.283203125,10751.279296875,11938.9658203125,11808.4423828125,12003.3515625,11531.9814453125,12513.4755859375,12030.7529296875,12035.2939453125,10653.0244140625,10722.2734375,12296.9560546875,12816.4873046875,12500.904296875,11901.2890625,13032.62890625,11290.400390625,8190.8544921875,12102.3564453125,13306.037109375,10001.4052734375,13400.5771484375,12596.6220703125,11422.0185546875,12945.548828125,10456.9560546875,11277.2138671875,11712.330078125,8969.6396484375,10367.0283203125,12838.4775390625,12999.4833984375,11820.55859375,10753.0458984375,10565.4150390625,10793.439453125,10379.2685546875,10033.892578125,8979.6640625,11654.2958984375,12137.9404296875,12224.8984375,12973.49609375,12661.1953125,13207.8212890625,10350.6484375,13041.3505859375,9114.2265625,12352.1474609375,13339.8974609375,8657.3798828125,9327.7841796875,13785.35546875,13048.8408203125,12009.4248046875,12296.6787109375,10697.494140625,7979.89990234375,7793.693359375,12141.9072265625,12413.005859375,10791.0625,6346.23388671875,8546.6376953125,10350.650390625,10897.4033203125,10897.8935546875,11298.51171875,12426.26953125
13444.57421875,12695.1640625,13149.083984375,13110.2861328125,12565.8486328125,13427.5595703125,14024.052734375,12196.2421875,13419.3037109375,12015.677734375,12695.5029296875,12584.7255859375,13644.380859375,14426.583984375,10197.5869140625,12071.1123046875,11088.673828125,11815.2568359375,13482.7080078125,11521.4482421875,12742.6064453125,11330.5283203125,11427.064453125,11396.7373046875,13014.0498046875,14274.009765625,12799.2900390625,13649.9794921875,11385.4091796875,13593.810546875,12571.2470703125,12058.435546875,12064.521484375,11364.37890625,8520.4033203125,11101.4755859375,11653.396484375,12213.55859375,11682.572265625,12531.9716796875,11415.1474609375,13823.189453125,11876.9423828125,13617.033203125,9621.8720703125,11175.33984375,11902.068359375,12489.4892578125,11327.904296875,11581.076171875,10478.998046875,10386.3818359375,10755.1083984375,11016.8251953125,11882.6416015625,12250.671875,11314.0986328125,12166.9951171875,12859.7626953125,12968.8671875,12181.4658203125,9867.7626953125,14887.9951171875,10475.357421875,9852.029296875,11004.462890625,11748.18359375,12166.3994140625,9430.7578125,13019.302734375,12468.5419921875,3805.2451171875,12557.7509765625,10640.82421875,10198.6943359375,11099.1484375,11454.5751953125,13186.669921875,10373.892578125,12574.9453125,4752.52783203125,12650.3623046875,11118.5810546875,13084.9814453125,12713.2998046875,9645.677734375,11318.0234375,11914.2109375,13364.9873046875,12228.9970703125,9645.6123046875,12404.3759765625,11457.8818359375,10772.3720703125,11929.0654296875,11782.564453125,12004.9609375,11493.3671875,12453.27734375,12028.3349609375,12051.6875,10650.1767578125,10761.1416015625,12284.552734375,12833.283203125,12557.6435546875,11921.4853515625,13069.5361328125,11286.033203125,8192.814453125,12128.8291015625,13288.251953125,9966.5712890625,13442.9462890625,12631.2373046875,11432.7314453125,12937.8203125,10446.3935546875,11308.8349609375,11725.541015625,8969.7568359375,10376.79296875,12842.599609375,12970.8115234375,11793.0234375,10707.99609375,10553.3134765625,10784.8583984375,10431.98828125,10045.8251953125,8972.447265625,11657.5322265625,12193.5673828125,12203.0322265625,12987.3828125,12682.87890625,13180.6044921875,10346.4794921875,13007.177734375,9079.33203125,12396.62109375,13359.501953125,8631.9345703125,9263.28125,13829.2001953125,13022.5859375,12077.01953125,12334.3271484375,10648.0849609375,7981.90478515625,7797.7548828125,12195.857421875,12412.1455078125,10800.935546875,6338.55322265625,8535.0732421875,10323.9541015625,10884.6416015625,10902.5224609375,11324.62109375,12418.435546875
13441.1044921875,12728.462890625,13179.3798828125,13107.3779296875,12557.1005859375,13419.2607421875,14005.4609375,12225.1396484375,13483.0029296875,12042.359375,12704.0576171875,12596.82421875,13654.2421875,14409.6376953125,10184.9345703125,12080.388671875,11132.2998046875,11814.314453125,13510.9150390625,11539.5400390625,12795.1396484375,11331.708984375,11405.4677734375,11405.853515625,13015.708984375,14291.8935546875,12810.7607421875,13697.025390625,11384.8544921875,13589.2109375,12568.0859375,12056.8994140625,12057.0380859375,11356.7158203125,8535.5966796875,11136.978515625,11609.81640625,12264.263671875,11693.7822265625,12511.0498046875,11392.103515625,13787.2841796875,11838.783203125,13630.404296875,9639.478515625,11197.4658203125,11891.46484375,12455.662109375,11344.3876953125,11568.1123046875,10495.1455078125,10397.01171875,10736.4716796875,11055.6416015625,11849.2197265625,12212.7255859375,11291.0263671875,12184.4609375,12856.6640625,12897.142578125,12201.171875,9868.6689453125,14970.6376953125,10462.591796875,9872.705078125,11030.4052734375,11750.8662109375,12170.416015625,9447.6845703125,13026.1328125,12496.4052734375,3767.32690429688,12539.6328125,10657.0625,10230.4716796875,11153.806640625,11433.2880859375,13177.552734375,10317.0986328125,12586.4609375,4749.736328125,12648.66015625,11138.208984375,13079.2705078125,12741.75,9665.8916015625,11371.7265625,11908.48046875,13426.197265625,12287.0703125,9648.384765625,12352.564453125,11484.8046875,10760.20703125,11969.41015625,11785.8095703125,12042.7607421875,11492.693359375,12494.6953125,12040.3837890625,12070.8466796875,10669.259765625,10783.1640625,12344.07421875,12875.322265625,12606.6015625,11943.0703125,13084.35546875,11282.1015625,8181.30615234375,12131.728515625,13269.0078125,9946.93359375,13471.455078125,12666.8974609375,11480.181640625,12962.1748046875,10416.189453125,11341.9853515625,11760.9970703125,8971.86328125,10393.966796875,12851.3515625,13001.7333984375,11812.4501953125,10674.7216796875,10554.865234375,10765.6435546875,10470.728515625,10023.294921875,8986.1962890625,11677.8427734375,12227.80078125,12203.0654296875,13045.6796875,12748.759765625,13203.80078125,10372.904296875,13031.5146484375,9081.4052734375,12477.63671875,13338.48828125,8642.0390625,9252.1240234375,13844.79296875,13040.0244140625,12124.8056640625,12383.1962890625,10626.818359375,7965.9736328125,7818.568359375,12246.24609375,12437.892578125,10817.6806640625,6345.43359375,8528.603515625,10334.0439453125,10952.3310546875,10884.18359375,11390.193359375,12419.0986328125
13453.5703125,12794.197265625,13240.3447265625,13144.47265625,12633.5283203125,13422.900390625,13999.748046875,12277.8798828125,13551.0546875,12072.208984375,12695.451171875,12601.0546875,13684.5234375,14385.4521484375,10189.8017578125,12089.7216796875,11213.0859375,11829.3486328125,13547.60546875,11524.345703125,12879.41796875,11343.275390625,11393.927734375,11400.435546875,13047.845703125,14326.939453125,12854.734375,13728.62109375,11376.7099609375,13605.7685546875,12606.6015625,12100.1865234375,12090.0703125,11411.76953125,8548.6171875,11153.6611328125,11573.408203125,12283.1689453125,11672.9658203125,12534.96875,11418.48828125,13749.802734375,11889.4658203125,13635.1083984375,9643.4306640625,11223.1796875,11891.4794921875,12449.001953125,11373.8505859375,11641.5322265625,10508.7451171875,10443.9560546875,10744.9267578125,11084.0986328125,11835.23828125,12178.521484375,11278.4052734375,12182.392578125,12871.8076171875,12838.9228515625,12209.5029296875,9892.8935546875,15057.9755859375,10467.994140625,9907.3125,11020.3583984375,11779.9375,12178.705078125,9449.0595703125,12984.7734375,12510.6650390625,3766.69653320312,12456.6904296875,10664.1103515625,10252.9248046875,11190.2958984375,11474.5791015625,13207.7646484375,10272.298828125,12615.986328125,4770.10107421875,12662.9794921875,11109.1533203125,13073.11328125,12751.7470703125,9753.1962890625,11456.9873046875,11891.9658203125,13584.1875,12282.220703125,9664.5986328125,12343.6923828125,11470.8876953125,10723.0693359375,12025.3828125,11814.8720703125,12064.0478515625,11529.5,12573.53125,12062.10546875,12052.056640625,10690.0390625,10781.2421875,12394.880859375,12893.349609375,12634.2431640625,11912.87890625,13044.95703125,11279.6337890625,8178.083984375,12092.892578125,13236.146484375,9964.564453125,13431.216796875,12646.55078125,11523.173828125,12968.1943359375,10393.1435546875,11357.9248046875,11800.158203125,8976.5546875,10388.345703125,12847.720703125,13066.220703125,11851.6435546875,10665.37109375,10575.2890625,10758.2392578125,10474.6328125,9991.6953125,9010.46875,11687.3271484375,12213.8447265625,12200.146484375,13109.61328125,12786.3193359375,13247.8984375,10416.7802734375,13094.2841796875,9104.7451171875,12486.7529296875,13282.8466796875,8706.435546875,9287.2880859375,13806.5439453125,13075.3359375,12110.439453125,12408.1376953125,10647.9033203125,7946.84033203125,7843.14208984375,12263.6015625,12480.2802734375,10834.7001953125,6345.3681640625,8525.1826171875,10377.931640625,11048.4072265625,10867.9560546875,11447.5380859375,12401.16796875
13443.8095703125,12818.84765625,13250.0986328125,13163.2529296875,12692.595703125,13423.748046875,14010.7548828125,12306.9326171875,13565.203125,12070.6689453125,12661.787109375,12586.9150390625,13711.486328125,14374.2685546875,10174.8154296875,12075.6494140625,11236.0908203125,11860.13671875,13573.1845703125,11460.7041015625,12932.5029296875,11338.5810546875,11384.7041015625,11360.9794921875,13074.0888671875,14371.2158203125,12908.4443359375,13717.96484375,11367.6787109375,13637.5048828125,12651.6962890625,12147.2041015625,12137.3955078125,11472.3291015625,8550.99609375,11138.3076171875,11591.8828125,12257.650390625,11622.9443359375,12585.0927734375,11486.232421875,13739.59375,11994.3603515625,13635.8056640625,9629.2900390625,11224.435546875,11884.6748046875,12472.2099609375,11383.0556640625,11707.2861328125,10520.16796875,10486.048828125,10764.3359375,11083.912109375,11843.1494140625,12172.7744140625,11297.244140625,12157.572265625,12896.7578125,12870.609375,12193.5087890625,9913.5703125,15073.6806640625,10477.283203125,9921.3564453125,10987.5390625,11810.8291015625,12198.103515625,9434.7998046875,12929.794921875,12497.0810546875,3793.86059570312,12370.9072265625,10673.5185546875,10246.7373046875,11173.072265625,11532.259765625,13281.2060546875,10277.3681640625,12630.1279296875,4800.61181640625,12678.830078125,11060.251953125,13053.1748046875,12711.3310546875,9829.9111328125,11513.2294921875,11851.30859375,13705.125,12213.7001953125,9665.2578125,12366.478515625,11410.9521484375,10686.96875,12051.30078125,11816.7646484375,12035.7958984375,11570.6826171875,12596.919921875,12085.072265625,11991.2529296875,10698.552734375,10754.0625,12378.2392578125,12852.6669921875,12648.4453125,11823.751953125,12965.2568359375,11287.92578125,8199.716796875,12051.83984375,13179.5478515625,10005.52734375,13330.162109375,12578.8896484375,11519.052734375,12922.6103515625,10403.5400390625,11355.1748046875,11812.29296875,8980.55078125,10352.1748046875,12806.7578125,13120.142578125,11867.068359375,10690.5263671875,10601.6513671875,10764.37890625,10462.498046875,9980.427734375,9019.9033203125,11666.0927734375,12172.2841796875,12171.73046875,13139.134765625,12764.0400390625,13270.2529296875,10444.412109375,13132.66015625,9117.4775390625,12379.294921875,13235.1103515625,8782.8349609375,9310.369140625,13756.3828125,13094.3427734375,12065.232421875,12386.1201171875,10683.8916015625,7935.01220703125,7856.646484375,12265.3291015625,12507.837890625,10849.689453125,6320.6513671875,8523.876953125,10423.4248046875,11093.3125,10884.9072265625,11459.30078125,12372.65234375
13412.181640625,12764.6279296875,13184.833984375,13124.5859375,12663.13671875,13416.3984375,14025.7744140625,12292.669921875,13532.2890625,12059.41015625,12621.5546875,12571.95703125,13722.228515625,14381.478515625,10127.177734375,12047.9423828125,11164.955078125,11882.8359375,13578.3525390625,11390.4111328125,12916.6123046875,11309.568359375,11386.763671875,11318.5263671875,13058.8251953125,14398.8779296875,12929.37890625,13679.349609375,11366.076171875,13653.294921875,12656.0234375,12164.2275390625,12174.4541015625,11488.9052734375,8539.6220703125,11118.04296875,11657.123046875,12221.9453125,11575.7939453125,12625.7998046875,11544.1181640625,13758.7734375,12071.11328125,13638.912109375,9603.94921875,11192.3720703125,11857.671875,12500.8720703125,11353.6904296875,11710.7119140625,10523.591796875,10482.3310546875,10772.3134765625,11055.6787109375,11857.283203125,12187.697265625,11339.2626953125,12128.728515625,12909.3154296875,12972.7890625,12171.59375,9901.5703125,15017.9560546875,10473.05078125,9908.5419921875,10978.326171875,11830.5595703125,12218.509765625,9410.2734375,12909.802734375,12465.3076171875,3817.06298828125,12354.7109375,10686.5390625,10207.8857421875,11126.3828125,11551.7373046875,13349.3759765625,10328.2861328125,12615.4404296875,4826.7275390625,12679.1005859375,11041.490234375,13027.435546875,12646.7109375,9859.2841796875,11506.4814453125,11823.7421875,13696.6123046875,12146.17578125,9644.0634765625,12383.068359375,11343.7861328125,10669.1064453125,12032.4384765625,11761.3720703125,11974.0517578125,11587.763671875,12559.521484375,12100.466796875,11930.1689453125,10699.283203125,10709.859375,12317.7841796875,12780.53515625,12650.15234375,11741.5498046875,12898.8486328125,11306.9228515625,8226.447265625,12061.2666015625,13125.5908203125,10038.3291015625,13244.8466796875,12531.3232421875,11481.5078125,12858.837890625,10444.529296875,11342.2431640625,11786.6279296875,8978.3466796875,10311.9375,12734.5888671875,13139.216796875,11847.6220703125,10751.2685546875,10615.4853515625,10769.8876953125,10454.5654296875,9996.3251953125,9001.6708984375,11626.904296875,12141.705078125,12135.21484375,13123.3818359375,12717.9775390625,13260.7275390625,10437.2568359375,13111.9892578125,9111.125,12226.771484375,13241.181640625,8814.6103515625,9289.865234375,13757.9775390625,13089.4091796875,12061.3564453125,12326.6337890625,10704.2998046875,7927.21533203125,7853.97705078125,12277.2587890625,12497.689453125,10862.1904296875,6285.576171875,8524.2578125,10438.9892578125,11078.8564453125,10931.4306640625,11427.62890625,12370.7822265625
13395.767578125,12676.8115234375,13105.7373046875,13058.171875,12582.9580078125,13408.818359375,14032.4423828125,12259.384765625,13509.5751953125,12080.365234375,12602.93359375,12583.0810546875,13721.0830078125,14390.1796875,10080.22265625,12041.2734375,11071.8896484375,11873.5751953125,13561.9990234375,11377.171875,12850.3203125,11282.71484375,11415.1259765625,11327.189453125,13007.2958984375,14387.2041015625,12897.3916015625,13648.2138671875,11374.802734375,13628.638671875,12607.681640625,12159.662109375,12196.0966796875,11465.49609375,8513.076171875,11121.4375,11709.8154296875,12213.9697265625,11560.359375,12632.65625,11545.1630859375,13780.376953125,12064.876953125,13642.6904296875,9585.078125,11159.869140625,11821.0791015625,12507.9033203125,11308.72265625,11681.986328125,10514.5263671875,10446.693359375,10773.9560546875,11023.3349609375,11863.9970703125,12202.3779296875,11369.0595703125,12115.0947265625,12892.390625,13067.76953125,12168.814453125,9859.46875,14952.490234375,10461.5888671875,9894.3759765625,11015.6044921875,11838.892578125,12221.9619140625,9385.5771484375,12937.2060546875,12435.787109375,3816.740234375,12425.2314453125,10685.5,10154.7236328125,11107.5927734375,11522.7197265625,13356.794921875,10385.4560546875,12585.5751953125,4844.900390625,12666.6630859375,11068.7421875,13018.2568359375,12623.2373046875,9865.1640625,11451.6591796875,11863.1884765625,13586.16796875,12138.8203125,9625.3876953125,12372.0888671875,11314.890625,10668.8564453125,11995.908203125,11694.8359375,11925.4404296875,11579.6328125,12538.703125,12101.6318359375,11911.591796875,10705.9228515625,10668.380859375,12281.666015625,12744.4091796875,12625.8515625,11740.8876953125,12898.228515625,11319.21875,8220.7626953125,12123.2216796875,13128.7216796875,10045.4140625,13251.6533203125,12553.318359375,11470.1337890625,12849.4462890625,10481.3291015625,11321.7958984375,11745.10546875,8965.0810546875,10301.94921875,12675.1669921875,13133.275390625,11822.7626953125,10821.2861328125,10612.0087890625,10767.6025390625,10441.830078125,10020.775390625,8969.3955078125,11605.9609375,12135.193359375,12133.3447265625,13080.3251953125,12704.5234375,13245.564453125,10412.9658203125,13057.376953125,9104.8095703125,12150.48046875,13305.2607421875,8792.02734375,9257.171875,13827.5166015625,13082.09375,12128.9326171875,12266.2900390625,10707.064453125,7912.5927734375,7841.75537109375,12291.4970703125,12457.31640625,10869.2001953125,6274.76708984375,8525.4169921875,10415.4619140625,11079.142578125,10964.7763671875,11381.0888671875,12413.3935546875
13419.3544921875,12638.7373046875,13089.07421875,13027.744140625,12546.0078125,13409.0986328125,14035.06640625,12243.4189453125,13536.365234375,12132.337890625,12619.6181640625,12621.6162109375,13717.5498046875,14383.35546875,10075.44921875,12072.8232421875,11051.9658203125,11838.904296875,13530.9658203125,11436.578125,12786.6767578125,11289.615234375,11460.3232421875,11394.1357421875,12965.5,14349.775390625,12840.1005859375,13646.509765625,11391.38671875,13578.9697265625,12549.0341796875,12165.2216796875,12207.5087890625,11441.0732421875,8480.5458984375,11142.0224609375,11700.0859375,12235.744140625,11578.724609375,12608.18359375,11495.7138671875,13782.1201171875,11997.0390625,13640.5498046875,9588.6279296875,11166.9013671875,11805.470703125,12495.4404296875,11289.2734375,11674.2001953125,10498.4189453125,10434.9130859375,10787.5859375,11012.4033203125,11865.3642578125,12212.96875,11361.951171875,12120.0009765625,12854.2978515625,13115.2412109375,12189.3466796875,9821.31640625,14928.1943359375,10466.2685546875,9899.7783203125,11067.79296875,11837.3935546875,12206.6962890625,9371.7470703125,12979.2998046875,12420.1787109375,3801.974609375,12532.4033203125,10654.8359375,10120.615234375,11146.1259765625,11484.001953125,13299.7568359375,10412.61328125,12567.3818359375,4854.6689453125,12662.9814453125,11107.82421875,13033.5703125,12679.263671875,9872.3232421875,11392.6328125,11968.501953125,13480.908203125,12184.6103515625,9635.892578125,12348.197265625,11337.6044921875,10678.13671875,11980.1669921875,11695.9560546875,11921.94921875,11560.759765625,12581.2109375,12087.5556640625,11934.1953125,10722.9228515625,10652.2783203125,12301.921875,12779.978515625,12573.75,11821.568359375,12973.8837890625,11309.5224609375,8176.5615234375,12183.2060546875,13212.1904296875,10033.4375,13351.4296875,12621.1201171875,11520.625,12924.005859375,10479.4580078125,11292.0712890625,11719.90625,8943.490234375,10327.8720703125,12666.9228515625,13122.5283203125,11823.556640625,10854.5322265625,10603.0166015625,10767.6875,10406.40234375,10030.0810546875,8948.3447265625,11624.671875,12134.76171875,12182.462890625,13034.8095703125,12737.7060546875,13248.5693359375,10406.916015625,13018.6484375,9114.333984375,12207.044921875,13381.1826171875,8759.3994140625,9259.5439453125,13916.9228515625,13092.0234375,12225.1357421875,12239.1220703125,10708.87109375,7888.369140625,7833.06396484375,12277.2431640625,12416.8046875,10866.26953125,6303.896484375,8526.9130859375,10368.6982421875,11159.5673828125,10945.0458984375,11343.1435546875,12468.4013671875
13464.1484375,12683.6572265625,13142.548828125,13057.9853515625,12589.421875,13418.42578125,14049.4130859375,12255.501953125,13592.2880859375,12164.2783203125,12662.3095703125,12657.28125,13715.7001953125,14368.7978515625,10113.298828125,12116.64453125,11109.55859375,11814.2421875,13504.80078125,11512.8583984375,12765.5771484375,11327.568359375,11482.5712890625,11455.19921875,12976.1572265625,14334.5380859375,12809.4921875,13668.251953125,11410.3759765625,13550.8701171875,12539.8671875,12195.171875,12205.8857421875,11439,8466.9833984375,11147.904296875,11639.8173828125,12259.65234375,11612.8154296875,12576.4658203125,11451.845703125,13776.3408203125,11939.7734375,13631.5087890625,9613.8046875,11206.3642578125,11833.9189453125,12494.2685546875,11308.8056640625,11689.0849609375,10484.6220703125,10471.29296875,10805.025390625,11023.3662109375,11871.3681640625,12231.466796875,11332.0712890625,12136.6416015625,12825.6240234375,13139.66015625,12216.1005859375,9818.513671875,14942.39453125,10495.859375,9914.0263671875,11082.869140625,11828.0986328125,12192.8388671875,9373.9990234375,12998.4970703125,12417.8251953125,3795.068359375,12608.6279296875,10607.88671875,10131.2080078125,11212.0302734375,11477.6845703125,13230.61328125,10405.310546875,12580.498046875,4850.10009765625,12675.8935546875,11115.7236328125,13054.1220703125,12781.5380859375,9862.9951171875,11363.5439453125,12065.423828125,13462.0908203125,12226.3349609375,9672.3935546875,12343.6025390625,11389.6240234375,10691.23828125,11997.1611328125,11780.6220703125,11953.54296875,11539.458984375,12635.6572265625,12065.232421875,11958.5595703125,10738.8447265625,10669.3251953125,12347.1396484375,12851.01171875,12524.7470703125,11906.55859375,13084.427734375,11288.150390625,8134.900390625,12189.9853515625,13323.5234375,10018.396484375,13464.2099609375,12667.75390625,11599.2744140625,13025.0458984375,10440.5732421875,11262.451171875,11721.9130859375,8928.5751953125,10361.23046875,12698.7314453125,13109.2548828125,11846.0048828125,10826.3623046875,10601.2509765625,10782.72265625,10360.4345703125,10016.9306640625,8950.3408203125,11664.201171875,12124.14453125,12246.9658203125,13001.408203125,12780.7373046875,13261.37109375,10433.3984375,13017.1376953125,9130.404296875,12341.5234375,13414.51953125,8761.8603515625,9295.2236328125,13962.435546875,13108.8779296875,12286.076171875,12248.65625,10715.9873046875,7868.42041015625,7839.82421875,12227.65234375,12400.1142578125,10853.1953125,6349.85546875,8529.4052734375,10328.6640625,11291.158203125,10878.1123046875,11319.60546875,12484.5302734375
13493.1533203125,12764.142578125,13206.025390625,13112.697265625,12656.4853515625,13437.728515625,14083.7021484375,12279.6064453125,13626.5,12136.88671875,12707.96484375,12661.85546875,13716.69921875,14373.7734375,10153.50390625,12127.7109375,11161.2158203125,11828.9892578125,13511.6123046875,11535.26953125,12788.0771484375,11360.9462890625,11450.0673828125,11438.83984375,13034.794921875,14379.1416015625,12831.845703125,13696.2109375,11423.0224609375,13575.373046875,12600.7041015625,12236.9951171875,12181.6630859375,11447.2353515625,8494.783203125,11122.2578125,11591.134765625,12266.505859375,11646.9404296875,12565.3154296875,11465.076171875,13799.564453125,11948.3935546875,13623.8994140625,9642.2041015625,11224.458984375,11898.310546875,12528.6708984375,11341.150390625,11688.609375,10472.369140625,10510.099609375,10790.400390625,11033.5791015625,11882.9541015625,12258.1279296875,11316.326171875,12162.7939453125,12832.5517578125,13170.1220703125,12234.201171875,9850.1904296875,14964.26953125,10528.666015625,9912.3564453125,11048.3486328125,11822.0546875,12199.673828125,9388.06640625,12993.048828125,12426.49609375,3805.943359375,12625.404296875,10583.841796875,10182.8203125,11246.6884765625,11504.681640625,13201.43359375,10384.7158203125,12623.7265625,4830.48291015625,12679.5009765625,11089.78515625,13055.0556640625,12851.6171875,9813.7294921875,11368.9560546875,12077.9287109375,13523.5185546875,12223.392578125,9702.037109375,12374.8427734375,11438.248046875,10703.7109375,12026.8359375,11873.24609375,11984.3349609375,11516.658203125,12622.2734375,12046.55078125,11954.3515625,10737.80078125,10701.654296875,12369.7724609375,12888.4677734375,12520.7333984375,11925.2099609375,13162.806640625,11283.7314453125,8141.1357421875,12149.9091796875,13368.76171875,10009.6513671875,13498.2890625,12656.982421875,11637.4677734375,13058.68359375,10401.2431640625,11255.3095703125,11736.18359375,8938.544921875,10371.4267578125,12722.6826171875,13082.552734375,11859.861328125,10765.4033203125,10606.912109375,10807.8876953125,10343.822265625,9993.982421875,8966.841796875,11683.7783203125,12113.0849609375,12272.375,12984.5517578125,12793.607421875,13260.2001953125,10469.8984375,13034.1669921875,9133.087890625,12443.69921875,13393.8671875,8793.5078125,9314.69921875,13940.794921875,13101.7978515625,12290.3876953125,12269.9189453125,10717.2646484375,7873.609375,7864.990234375,12178.7626953125,12405.1572265625,10836.7177734375,6374.20654296875,8533.1328125,10321.9716796875,11370.6865234375,10811.9921875,11311.2685546875,12451.2939453125
13496.9833984375,12811.3896484375,13230.05078125,13144.1591796875,12672.5576171875,13469.810546875,14128.146484375,12300.556640625,13617.3955078125,12075.2734375,12733.9853515625,12642.5712890625,13724.2470703125,14412.2939453125,10161.658203125,12090.5595703125,11148.8388671875,11877.2001953125,13565.490234375,11492.83984375,12828.5693359375,11362.4609375,11381.59765625,11350.9130859375,13091.9765625,14470.8916015625,12884.3525390625,13726.212890625,11418.6416015625,13634.9609375,12696.7548828125,12277.4296875,12139.318359375,11445.986328125,8555.9501953125,11084.064453125,11603.0810546875,12267.1513671875,11678.537109375,12589.2138671875,11533.7255859375,13870.646484375,12021.0390625,13627.3193359375,9654.7666015625,11185.0498046875,11963.7763671875,12587.1171875,11355.654296875,11666.04296875,10450.6640625,10490.9892578125,10730.09765625,11028.3779296875,11888.4921875,12271.27734375,11333.494140625,12201.580078125,12873.2412109375,13190.7080078125,12248.0966796875,9888.7109375,14981.615234375,10534.11328125,9893.654296875,11006.14453125,11836.8583984375,12222.4248046875,9403.861328125,12991.5341796875,12447.7470703125,3824.31127929688,12602.7998046875,10611.68359375,10243.7236328125,11222.71875,11529.5341796875,13211.361328125,10372.3505859375,12674.2783203125,4815.26611328125,12643.2919921875,11067.6572265625,13034.916015625,12838.4453125,9756.2431640625,11395.9814453125,12012.4423828125,13600.0732421875,12189.591796875,9694.9716796875,12425.8603515625,11462.408203125,10710.041015625,12044.576171875,11888.1435546875,11994.0673828125,11500.5224609375,12547.0244140625,12040.0078125,11932.3623046875,10715.71875,10717.2255859375,12360.8935546875,12863.3837890625,12568.9814453125,11883.1435546875,13159.0771484375,11309.3251953125,8193.3359375,12112.826171875,13300.904296875,10010.0771484375,13425.986328125,12610.08203125,11606.2470703125,12989.3251953125,10393.767578125,11283.15625,11746.119140625,8974.404296875,10358.3701171875,12712.5380859375,13046.3857421875,11848.0595703125,10731.8720703125,10612.4775390625,10822.87890625,10378.703125,9980.64453125,8984.35546875,11663.7724609375,12121.9716796875,12239.0107421875,12986.2861328125,12775.8115234375,13243.337890625,10483.2685546875,13044.2216796875,9119.0751953125,12439.6640625,13357.1640625,8806.0498046875,9284.8310546875,13877.61328125,13057.2705078125,12262.2060546875,12280.572265625,10705.0517578125,7910.49658203125,7897.9580078125,12174.623046875,12412.6923828125,10826.1806640625,6362.14111328125,8537.119140625,10354.419921875,11326.0615234375,10792.53515625,11325.9560546875,12415.306640625
13499.1220703125,12810.2041015625,13230.822265625,13144.42578125,12634.00390625,13506.8291015625,14161.623046875,12319.6318359375,13590.591796875,12043.2841796875,12728.3759765625,12633.3251953125,13740.037109375,14463.1689453125,10142.98828125,12037.509765625,11113.9150390625,11925.880859375,13642.943359375,11441.48046875,12861.1455078125,11341.7939453125,11337.2236328125,11276.44140625,13099.7080078125,14556.4404296875,12922.287109375,13768.5009765625,11393.52734375,13682.080078125,12776.4609375,12319.033203125,12106.8330078125,11439.6962890625,8611.599609375,11066.3095703125,11661.9775390625,12283.357421875,11708.9921875,12640.86328125,11608.109375,13961.5791015625,12114.4404296875,13641.296875,9650.041015625,11121.0341796875,11996.099609375,12632.2216796875,11352.8203125,11668.1201171875,10417.2314453125,10424.0322265625,10669.3935546875,11023.65625,11877.9619140625,12254.427734375,11366.6376953125,12247.271484375,12919.990234375,13170.8994140625,12271.1806640625,9909.337890625,15006.220703125,10507.4091796875,9886.28125,11004.4921875,11875.9228515625,12237.990234375,9413.3251953125,13011.447265625,12478.287109375,3832.994140625,12573.734375,10677.6748046875,10280.548828125,11170.0263671875,11524.5458984375,13217.33984375,10374.9697265625,12701.1318359375,4832.32177734375,12581.0048828125,11080.38671875,13014.9794921875,12762.9970703125,9763.3779296875,11436.0615234375,11952.201171875,13636.5751953125,12166.26953125,9655.12109375,12459.1591796875,11456.3984375,10709.0283203125,12045.8876953125,11827.12890625,11999.1259765625,11507.7001953125,12504.6015625,12044.265625,11926.33984375,10684.8349609375,10697.7451171875,12347.884765625,12809.572265625,12629.4248046875,11840.84765625,13072.4072265625,11343.9921875,8245.3017578125,12110.8134765625,13167.16796875,10023.0078125,13299.5595703125,12562.154296875,11545.296875,12874.501953125,10412.7568359375,11327.349609375,11753.3779296875,9010.7109375,10347.923828125,12696.056640625,13026.5029296875,11825.3447265625,10757.728515625,10616.76171875,10815.173828125,10440.302734375,9987.677734375,8999.6552734375,11624.6826171875,12150.3203125,12176.0654296875,13007.8828125,12756.9873046875,13235.2734375,10468.9970703125,13045.8837890625,9103.5029296875,12335.236328125,13348.033203125,8768.2626953125,9233.30078125,13813.8896484375,13001.791015625,12229.1015625,12287.1328125,10690.755859375,7958.9326171875,7919.43115234375,12221.8701171875,12412.7392578125,10826.5830078125,6332.93603515625,8541.736328125,10405.189453125,11193.3720703125,10827.05859375,11370.296875,12427.7529296875
13516.2197265625,12801.2548828125,13254.3388671875,13135.45703125,12602.505859375,13523.5634765625,14165.9658203125,12340.603515625,13578.4970703125,12067.5546875,12695.5283203125,12653.1796875,13755.2998046875,14487.6826171875,10126.7255859375,12015.1953125,11135.18359375,11949.228515625,13690.4365234375,11436.5205078125,12873.2177734375,11326.8984375,11357.369140625,11287.9931640625,13054.611328125,14589.560546875,12924.8701171875,13824.66796875,11360.7216796875,13687.7001953125,12816.7998046875,12361.849609375,12112.6103515625,11450.064453125,8627.8134765625,11080.2060546875,11705.0068359375,12313.853515625,11731.4814453125,12694.2373046875,11639.314453125,14012.92578125,12183.3134765625,13652.9921875,9644.0439453125,11104.275390625,11985.33984375,12636.4775390625,11355.3994140625,11729.693359375,10392.9970703125,10391.1015625,10676.7548828125,11049.0625,11856.66015625,12225.55078125,11386.421875,12278.5537109375,12942.3203125,13123.5751953125,12300.9453125,9909.0458984375,15040.73828125,10476.72265625,9911.4833984375,11043.201171875,11913.7568359375,12232.1865234375,9415.7998046875,13034.953125,12501.8583984375,3823.55102539062,12550.1494140625,10733.1201171875,10285.4208984375,11141.5498046875,11499.1171875,13192.7470703125,10387.7666015625,12687.1005859375,4882.49853515625,12550.4482421875,11115.6669921875,13010.94140625,12691.4716796875,9860.0537109375,11487.2900390625,11962.0439453125,13623.66796875,12174.1953125,9617.90234375,12444.767578125,11426.5859375,10708.216796875,12041.806640625,11774.783203125,12027.7802734375,11542.5234375,12558.6953125,12050.2763671875,11949.2919921875,10663.1455078125,10657.060546875,12349.1953125,12775.5546875,12656.6162109375,11837.4765625,12952.5869140625,11355.12109375,8260.1962890625,12126.22265625,13060.5205078125,10049.0595703125,13202.6171875,12517.5537109375,11516.76953125,12802.4189453125,10425.888671875,11350.107421875,11768.921875,9015.42578125,10356.83203125,12718.2314453125,13040.3681640625,11814.7490234375,10813.4111328125,10626.8505859375,10797.095703125,10483.8310546875,10010.7177734375,9016.2548828125,11601.60546875,12173.3359375,12126.2626953125,13044.134765625,12754.880859375,13249.87109375,10458.0751953125,13055.833984375,9096.3466796875,12194.505859375,13371.6748046875,8708.3876953125,9217.595703125,13776.341796875,12980.3935546875,12201.09765625,12314.7041015625,10691.4052734375,7984.0830078125,7916.33447265625,12287.3828125,12417.3759765625,10835.75,6314.2568359375,8550.5859375,10441.5947265625,11085.83984375,10888.1220703125,11433.1689453125,12480.7158203125
13530.5166015625,12816.1943359375,13301.9755859375,13123.0068359375,12620.4775390625,13499.38671875,14137.791015625,12352.3349609375,13576.6865234375,12104.763671875,12655.9697265625,12682.9970703125,13755.251953125,14470.396484375,10129.2216796875,12036.564453125,11212.9033203125,11949.544921875,13669.17578125,11471.8154296875,12865.0380859375,11326.525390625,11416.9375,11364.6796875,12996.79296875,14565.5166015625,12910.2333984375,13870.7109375,11345.2705078125,13665.7861328125,12826.6376953125,12382.2060546875,12151.232421875,11481.6328125,8608.9560546875,11106.6328125,11680.8359375,12328.5703125,11733.583984375,12719.8623046875,11618.98828125,13981.91796875,12201.8564453125,13647.9013671875,9651.3583984375,11164.865234375,11947.14453125,12603.05859375,11370.41015625,11808.79296875,10408.001953125,10450.326171875,10766.7158203125,11108.71875,11841.427734375,12224.0146484375,11383.8134765625,12274.4111328125,12927.8359375,13098.5771484375,12311.8125,9898.7060546875,15063.279296875,10474.349609375,9950.9287109375,11074.9501953125,11913.771484375,12214.3369140625,9417.6435546875,13031.244140625,12498.8203125,3799.568359375,12525.857421875,10737.5908203125,10276.9345703125,11156.9306640625,11481.7490234375,13162.0751953125,10402.34375,12645.064453125,4924.56884765625,12589.4345703125,11133.4443359375,13015.224609375,12669.5869140625,9970.6142578125,11537.5185546875,12014.873046875,13584.0146484375,12202.494140625,9618.2626953125,12386.0908203125,11391.7646484375,10715.310546875,12038.2607421875,11796.255859375,12076.5126953125,11581.6982421875,12652.349609375,12050.2255859375,11976.67578125,10659.1943359375,10629.9365234375,12350.515625,12770.6220703125,12649.46484375,11857.9462890625,12868.6806640625,11334.9267578125,8248.2587890625,12124.6181640625,13030.4599609375,10075.916015625,13186.1533203125,12466.8232421875,11540.705078125,12805.20703125,10414.806640625,11332.4453125,11789.9189453125,8984.140625,10370.962890625,12779,13069.4169921875,11816.2177734375,10839.8466796875,10644.11328125,10794.837890625,10493.2685546875,10033.9091796875,9030.822265625,11606.2861328125,12172.130859375,12107.4404296875,13079.8349609375,12756.1416015625,13264.4140625,10481.3310546875,13081,9088.9755859375,12093.408203125,13396.8720703125,8689.111328125,9257.6279296875,13774.7255859375,13011.6298828125,12187.8623046875,12369.919921875,10705.2578125,7966.171875,7894.787109375,12335.7041015625,12443.5947265625,10846.6650390625,6314.072265625,8565.623046875,10445.2099609375,11088.6103515625,10942.0146484375,11486.0341796875,12508.576171875
13515.060546875,12834.1748046875,13320.3740234375,13088.025390625,12659.373046875,13451.5302734375,14094.3515625,12337.83984375,13553.458984375,12095.212890625,12635.203125,12689.2109375,13737.0126953125,14437.82421875,10144.1123046875,12071.2783203125,11256.623046875,11945.1689453125,13597.7900390625,11495.8740234375,12847.8466796875,11325.8955078125,11451.6142578125,11417.8408203125,12971.2197265625,14513.2529296875,12908.1787109375,13872.6845703125,11362.42578125,13650.7783203125,12817.0146484375,12351.166015625,12181.0205078125,11508.5078125,8587.19140625,11120.5634765625,11596.2314453125,12300.6513671875,11711.8408203125,12706.119140625,11574.673828125,13880.5595703125,12164.5966796875,13624.96875,9667.96484375,11255.7548828125,11907.21875,12554.681640625,11376.3017578125,11819.98828125,10468.2314453125,10558.056640625,10872.9931640625,11166.9072265625,11844.009765625,12263.9833984375,11373.5927734375,12237.9306640625,12886.4951171875,13115.28515625,12279.3642578125,9886.265625,15055.9482421875,10503.8740234375,9962.8828125,11059.201171875,11866.9150390625,12202.71875,9427.142578125,12996.2841796875,12467.5341796875,3771.24584960938,12503.208984375,10694.9990234375,10275.0859375,11185.1767578125,11481.6123046875,13169.517578125,10409.12109375,12612.072265625,4910.81103515625,12660.880859375,11112.6826171875,13012.470703125,12688.333984375,9984.25390625,11557.2314453125,12029.123046875,13545.93359375,12235.0810546875,9660.7470703125,12322.62109375,11378.994140625,10724.5771484375,12030.2802734375,11862.3154296875,12101.9287109375,11591.5498046875,12669.7421875,12044.4052734375,11975.400390625,10664.8837890625,10640.3291015625,12330.88671875,12770.6123046875,12647.4296875,11875.46484375,12863.7734375,11306.482421875,8244.4951171875,12105.1064453125,13052.9921875,10080.7392578125,13239.6767578125,12432.462890625,11583.0908203125,12844.6806640625,10395.9404296875,11295.2216796875,11796.400390625,8950.40625,10364.5068359375,12824.4677734375,13076.794921875,11810.412109375,10810.41015625,10654.8662109375,10819.6611328125,10489.9541015625,10039.990234375,9031.646484375,11621.091796875,12157.615234375,12111.625,13094.9814453125,12741.3134765625,13246.31640625,10530.3466796875,13106.580078125,9070.6171875,12082.8125,13395.4990234375,8738.9794921875,9313.6201171875,13808.1376953125,13067.1728515625,12206.13671875,12421.63671875,10710.2734375,7921.39794921875,7876.1240234375,12356.3388671875,12485.1376953125,10851.056640625,6320.728515625,8579.1650390625,10424.3134765625,11182.556640625,10968.0224609375,11503.701171875,12458.9794921875
13479.234375,12815.6669921875,13273.2236328125,13031.466796875,12663.7763671875,13433.0068359375,14068.0048828125,12299.9912109375,13500.544921875,12039.1943359375,12644.9833984375,12665.4501953125,13719.2119140625,14432.3828125,10163.0791015625,12083.1357421875,11200.2548828125,11944.8056640625,13543.642578125,11479.5068359375,12841.365234375,11318.498046875,11431.2998046875,11393.5517578125,12993.0126953125,14466.1806640625,12926.1845703125,13822.83203125,11399.5615234375,13658.88671875,12786.1865234375,12278.2275390625,12164.4765625,11503.318359375,8580.0908203125,11117.59375,11506.806640625,12241.3603515625,11680.1005859375,12670.59765625,11535.3515625,13769.9951171875,12087.427734375,13601.5361328125,9674.994140625,11305.3369140625,11885.4091796875,12512.1962890625,11354.2392578125,11736.73046875,10540.3486328125,10610.6884765625,10911.3671875,11179.8603515625,11860.6279296875,12311.59765625,11369.806640625,12199.4140625,12841.990234375,13130.380859375,12212.69140625,9873.5546875,15035.3125,10538.0224609375,9931.01171875,11006.3974609375,11807.2841796875,12201.94921875,9447.2421875,12959.712890625,12432.3095703125,3751.26733398438,12504.3984375,10647.029296875,10277.8759765625,11183.87890625,11480.1328125,13219.7197265625,10399.3388671875,12621.001953125,4841.5146484375,12683.72265625,11073.5263671875,13004.6318359375,12711.091796875,9875.642578125,11521.65625,11972.7216796875,13533.462890625,12268.50390625,9718.439453125,12302.66015625,11405.3486328125,10719.7119140625,12016.5791015625,11891.646484375,12067,11564.0234375,12579.23828125,12039.8564453125,11944.615234375,10661.79296875,10680.4833984375,12299.3671875,12766.8232421875,12675.4287109375,11899.7177734375,12927.6552734375,11294.58984375,8259.4716796875,12101.2138671875,13084.1376953125,10051.365234375,13310.7783203125,12462.64453125,11600.8369140625,12876.859375,10396.498046875,11276.66015625,11775.4560546875,8954.52734375,10336.4501953125,12806.6923828125,13054.431640625,11791.84765625,10754.314453125,10643.310546875,10852.8076171875,10494.2509765625,10022.912109375,9013.5615234375,11627.3623046875,12155.76953125,12129.4130859375,13076.1796875,12717.927734375,13202.6083984375,10561.0849609375,13111.884765625,9050.1640625,12165.8515625,13370.8818359375,8814.478515625,9332.4697265625,13860.845703125,13098.279296875,12250.009765625,12427.4091796875,10688.794921875,7891.63671875,7876.6083984375,12353.3505859375,12508.4716796875,10842.3994140625,6323.63427734375,8575.88671875,10399.4970703125,11264.44921875,10959.4365234375,11482.8173828125,12357.1416015625
13470.12890625,12765.5927734375,13200.5341796875,13003.8310546875,12629.05859375,13481.5751953125,14083.6826171875,12266.7802734375,13459.6142578125,12001.6796875,12673.40625,12640.7939453125,13726.5087890625,14468.3388671875,10188.7265625,12070.3896484375,11098.2724609375,11939.6064453125,13561.5146484375,11448.7080078125,12860.7626953125,11324.1494140625,11396.201171875,11330.6806640625,13045.017578125,14445.38671875,12945.9267578125,13755.6220703125,11425.076171875,13676.25,12738.4130859375,12219.3251953125,12110.6416015625,11473.505859375,8570.2333984375,11114.28125,11467.375,12197.5625,11660.6171875,12647.345703125,11507.9306640625,13714.974609375,12009.5498046875,13600.8427734375,9659.94921875,11294.4228515625,11887.9267578125,12487.853515625,11320.375,11634.3427734375,10576.24609375,10563.3427734375,10865.4345703125,11141.5732421875,11877.943359375,12319.791015625,11367.8740234375,12191.1484375,12819.2373046875,13093.9619140625,12157.7568359375,9864.51171875,15034.8720703125,10546.86328125,9886.49609375,10965.1728515625,11781.029296875,12201.2021484375,9470.0703125,12950.814453125,12424.03515625,3752.09057617188,12549.982421875,10632.322265625,10264.875,11149.9609375,11461.8974609375,13263.912109375,10372.9580078125,12671.951171875,4774.05029296875,12625.748046875,11052.1123046875,13009.166015625,12722.4296875,9739.7626953125,11442.373046875,11905.9765625,13562.5263671875,12298.91015625,9758.369140625,12343.5380859375,11458.736328125,10695.9111328125,12008.8662109375,11853.8984375,11993.5537109375,11528.884765625,12479.7109375,12043.453125,11921.5234375,10637.1328125,10721.5517578125,12291.2041015625,12784.70703125,12705.94921875,11958.7060546875,13009.5087890625,11301.0283203125,8268.287109375,12132.365234375,13119.8720703125,10004.4873046875,13350.3759765625,12564.6865234375,11586.025390625,12907.669921875,10417.4208984375,11290.841796875,11742.7822265625,9000.412109375,10317.3134765625,12741.4150390625,13038.0341796875,11784.38671875,10720.0625,10614.7158203125,10862.3017578125,10495.9130859375,9996.0234375,8989.234375,11628.810546875,12172.9453125,12160.1201171875,13026.865234375,12716.6357421875,13183.9462890625,10540.119140625,13091.6953125,9049.2421875,12292.0048828125,13346.7685546875,8837.7138671875,9304.265625,13899.4951171875,13081.4873046875,12271.189453125,12380.0576171875,10647.80859375,7908.39892578125,7890.79443359375,12324.23828125,12483.8857421875,10820.1396484375,6324.7744140625,8549.4462890625,10380.119140625,11239.8955078125,10922.330078125,11439.1748046875,12290.40625
13519.556640625,12737.880859375,13181.1630859375,13060.48046875,12609.7412109375,13571.029296875,14131.8359375,12263.3037109375,13485.59765625,12036.5029296875,12696.947265625,12645.1015625,13762.625,14516.8583984375,10219.650390625,12063.7119140625,11073.0087890625,11919.1416015625,13638.1318359375,11445.3544921875,12897.8505859375,11361.6220703125,11410.3203125,11308.7861328125,13098.6689453125,14459.78125,12947.744140625,13721.02734375,11419.599609375,13680.1376953125,12702.1962890625,12224.447265625,12069.7939453125,11457.73828125,8533.8544921875,11126.1376953125,11491.2314453125,12210.5908203125,11665.9248046875,12656.3681640625,11484.4658203125,13735.724609375,11975.5751953125,13631.1376953125,9632.640625,11267.6240234375,11906.4306640625,12489.1357421875,11311.3466796875,11610.5908203125,10555.859375,10483.8115234375,10798.5068359375,11093.6806640625,11886.6513671875,12283.5693359375,11355.0224609375,12218.55859375,12831.2216796875,13024.6728515625,12161.7548828125,9865.982421875,15057.2783203125,10525.3798828125,9874.3251953125,10971.1220703125,11799.4462890625,12192.9033203125,9479.32421875,12966.435546875,12450.8310546875,3778.73022460938,12628.34765625,10653.1943359375,10223.3466796875,11124.84375,11441.529296875,13251.5322265625,10344.6123046875,12730.4794921875,4768.07763671875,12550.1103515625,11061.509765625,13032.5439453125,12740.1376953125,9694.08203125,11368.509765625,11909.5380859375,13626.515625,12308.27734375,9767.9765625,12414.3515625,11503.1767578125,10674.28515625,12017.9189453125,11803.3720703125,11953.6875,11523.8369140625,12488.5859375,12056.86328125,11944.330078125,10598.11328125,10743.4140625,12327.05859375,12842.8828125,12689.8515625,12040.1220703125,13060.798828125,11313.232421875,8249.5498046875,12171.8671875,13185.921875,9975.77734375,13347.75390625,12668.1484375,11563.8935546875,12970.1494140625,10431.568359375,11315.33203125,11731.0009765625,9048.6123046875,10334.7998046875,12693.498046875,13064.072265625,11814.1171875,10726.1845703125,10598.3125,10836.1484375,10474.3310546875,9986.2265625,8979.39453125,11641.3076171875,12186.6689453125,12197.8271484375,12969.8212890625,12753.6875,13227.98046875,10484.544921875,13060.1123046875,9072.5576171875,12383.5263671875,13338.4560546875,8775.5341796875,9265.45703125,13893.177734375,13037.7265625,12223.2705078125,12320.7392578125,10611.2666015625,7962.96630859375,7897.5146484375,12265.6494140625,12421.6767578125,10794.2001953125,6329.5224609375,8517.1220703125,10360.705078125,11106.9541015625,10878.943359375,11391.8671875,12324.9375
13599.5224609375,12770.7021484375,13238.8251953125,13185.1806640625,12648.2373046875,13627.5703125,14168.462890625,12282.7119140625,13583.3466796875,12120.076171875,12704.541015625,12674.666015625,13803.2265625,14535.677734375,10235.546875,12086.6376953125,11170.6572265625,11888.9296875,13702.658203125,11471.5595703125,12921.0166015625,11411.5361328125,11483.775390625,11353.3349609375,13132.79296875,14505.15625,12930.5556640625,13738.9990234375,11396.8076171875,13663.8427734375,12711.544921875,12280.0654296875,12081.6220703125,11483.6533203125,8480.8310546875,11149.3408203125,11549.5732421875,12276.7158203125,11689.0185546875,12683.7109375,11462.9345703125,13796.9287109375,11998.390625,13676.2900390625,9618.013671875,11272.49609375,11923.501953125,12514.40625,11337.4189453125,11674.4921875,10504.9521484375,10475.015625,10780.748046875,11087.4921875,11888.041015625,12248.73046875,11332.1875,12257.5263671875,12869.115234375,13001.171875,12229.619140625,9876.7998046875,15064.2626953125,10494.6796875,9902.3203125,11014.4482421875,11829.5078125,12185.4365234375,9463.4111328125,12979.9111328125,12490.0595703125,3820.28295898438,12693.982421875,10680.974609375,10168.7939453125,11148.4658203125,11448.015625,13189.1064453125,10334.9736328125,12756.619140625,4824.0283203125,12552.05859375,11083.767578125,13058.0439453125,12782.1484375,9757.76171875,11346.9716796875,11985.5908203125,13686.1591796875,12282.4677734375,9760.3154296875,12462.6328125,11510.8515625,10684.2470703125,12034.6279296875,11804.9814453125,11996.2265625,11554.40234375,12605.673828125,12076.7060546875,12010.90234375,10571.4697265625,10751.9287109375,12386.595703125,12909.544921875,12622.94921875,12082.0986328125,13071.263671875,11327.34765625,8219.380859375,12176.6240234375,13279.5322265625,9987.2626953125,13330.8642578125,12687.3642578125,11559.328125,13059.1064453125,10419.9384765625,11321.5771484375,11754.0478515625,9056.2880859375,10379.2685546875,12706.6435546875,13119.2919921875,11872.2783203125,10754.2431640625,10619.42578125,10798.1328125,10438.75,10012.5625,8991.73046875,11666.6640625,12175.0078125,12222.8466796875,12937.876953125,12807.0908203125,13308.5341796875,10450.26953125,13039.03125,9096.5703125,12392.876953125,13343.4931640625,8679.8671875,9254.3447265625,13845.5390625,13009.7490234375,12133.7646484375,12299.9677734375,10597.197265625,8012.0771484375,7883.728515625,12197.787109375,12372.20703125,10782.9345703125,6334.6767578125,8509.8095703125,10340.2451171875,10962.4169921875,10861.2666015625,11355.2724609375,12439.15625
13645.1259765625,12835.140625,13310.7626953125,13283.607421875,12717.5029296875,13604.32421875,14156.3583984375,12293.6357421875,13690.0224609375,12175.7373046875,12707.3193359375,12699.2265625,13819.3486328125,14511.216796875,10214.419921875,12125.759765625,11303.646484375,11868,13696.5693359375,11491.037109375,12906.08203125,11427.345703125,11555.37109375,11412.7548828125,13139.85546875,14558.689453125,12907.1953125,13781.9716796875,11388.880859375,13640.1640625,12767.0048828125,12319.447265625,12132.18359375,11536.994140625,8450.6220703125,11164.4052734375,11600.4775390625,12349.1982421875,11710.677734375,12694.984375,11453.9482421875,13842.3779296875,12041.794921875,13709.357421875,9632.197265625,11305.2529296875,11925.6533203125,12542.7890625,11364.86328125,11739.712890625,10470.345703125,10557.3974609375,10817.9111328125,11136.2900390625,11889.6669921875,12259.9033203125,11317.1025390625,12279.3037109375,12906.1064453125,13072.123046875,12315.7275390625,9883.443359375,15028.2255859375,10480.630859375,9933.361328125,11056.1376953125,11833.3359375,12193.837890625,9430.595703125,12977.6015625,12511.3154296875,3853.337890625,12704.1455078125,10689.8759765625,10137.7255859375,11213.9775390625,11484.8662109375,13137.3505859375,10351.330078125,12738.4130859375,4884.27490234375,12651.9755859375,11096.1064453125,13068.5078125,12835.5654296875,9844.7060546875,11379.6484375,12054.76953125,13692.2783203125,12241.5419921875,9757.5576171875,12463.875,11489.0078125,10728.8125,12036.794921875,11852.3271484375,12085.578125,11589.419921875,12716.9150390625,12097.1015625,12076.5966796875,10583.6162109375,10767.1611328125,12429.0986328125,12925.2236328125,12565.375,12042.0390625,13067.2265625,11348.8818359375,8212.958984375,12143.1328125,13351.3935546875,10026.0009765625,13334.39453125,12624.220703125,11576.7900390625,13117.4521484375,10398.998046875,11310.6318359375,11788.6064453125,9021.546875,10412.84765625,12759.9404296875,13150.2255859375,11917.6787109375,10782.02734375,10668.85546875,10788.470703125,10428.50390625,10064.9365234375,9014.2265625,11688.1416015625,12147.34765625,12220.2822265625,12953.9541015625,12838.673828125,13358.6884765625,10477.8046875,13046.689453125,9096.7041015625,12347.1025390625,13356.447265625,8644.87109375,9276.6640625,13800.041015625,13024.4052734375,12102.4052734375,12328.0439453125,10607.8193359375,8016.13818359375,7860.68408203125,12164.23046875,12383.5703125,10800.2255859375,6332.35302734375,8540.15625,10334.9873046875,10925.9072265625,10886.7939453125,11342.7001953125,12541.3115234375
13623.685546875,12866.458984375,13323.6181640625,13275.115234375,12752.923828125,13533.443359375,14111.21875,12277.5107421875,13729.18359375,12161.9091796875,12722.0791015625,12698.8525390625,13805.9140625,14469.466796875,10165.767578125,12145.021484375,11353.25,11869.7783203125,13631.228515625,11482.5185546875,12870.2109375,11391.3388671875,11559.0234375,11428.2255859375,13126.8544921875,14586.853515625,12888.0380859375,13803.60546875,11410.71484375,13626.958984375,12827.4873046875,12296.0146484375,12167.982421875,11579.576171875,8464.9482421875,11156.23046875,11617.0849609375,12380.5556640625,11716.5791015625,12671.5166015625,11467.19921875,13843.5361328125,12053.9912109375,13717.4560546875,9665.8603515625,11325.33984375,11916.6171875,12541.830078125,11355.7783203125,11731.802734375,10478.552734375,10648.8310546875,10860.0400390625,11203.9697265625,11897.5673828125,12307.4658203125,11324.541015625,12275.634765625,12919.6220703125,13193.1982421875,12361.95703125,9875.1376953125,14981.9296875,10492.9306640625,9929.9091796875,11068.111328125,11810.048828125,12222.1416015625,9409.2080078125,12975.6787109375,12506.4296875,3861.10913085938,12661.583984375,10682.3515625,10158.1669921875,11273.375,11519.9267578125,13147.5634765625,10378.126953125,12698.708984375,4895.814453125,12767.888671875,11095.0615234375,13073.78515625,12869.017578125,9870.6904296875,11424.3154296875,12052.875,13633.5380859375,12233.0517578125,9770.78125,12443.7060546875,11470.767578125,10774.765625,12019.0361328125,11884.498046875,12129.712890625,11596.9765625,12729.5966796875,12111.310546875,12095.091796875,10634.966796875,10798.2490234375,12436.091796875,12875.330078125,12581.71875,11962.240234375,13078.244140625,11371.537109375,8237.1044921875,12117.4609375,13361.1298828125,10057.9775390625,13365.4423828125,12580.619140625,11609.578125,13102.58203125,10402.244140625,11311.3134765625,11796.9697265625,8983.2939453125,10413.2109375,12798.646484375,13128.1591796875,11919.9794921875,10808.16796875,10706.466796875,10825.8564453125,10466.232421875,10105.9228515625,9031.4140625,11693.6083984375,12136.3173828125,12203.84375,13011.5078125,12837.541015625,13346.19921875,10550.748046875,13091.0205078125,9081.220703125,12327.931640625,13379.5263671875,8719.09765625,9314.7900390625,13802.2646484375,13074.3359375,12196.974609375,12369.439453125,10638.3203125,7974.9111328125,7853.86865234375,12192.3203125,12456.3671875,10840.259765625,6323.37109375,8582.7265625,10361.8173828125,11040.6318359375,10938.2470703125,11365.5732421875,12553.19921875
13570.89453125,12841.6337890625,13283.638671875,13185.6630859375,12733.646484375,13492.9228515625,14094.5703125,12251.060546875,13684.1708984375,12120.33203125,12748.09765625,12683.5546875,13783.3212890625,14446.9609375,10132.5341796875,12126.677734375,11306.525390625,11888.0068359375,13572.4658203125,11470.478515625,12864.6181640625,11345.5595703125,11499.64453125,11403.80078125,13114.375,14572.26953125,12875.7763671875,13783.3984375,11442.6826171875,13632.84375,12849.1728515625,12234.5,12152.0205078125,11593.2314453125,8497.3359375,11130.1669921875,11597.6748046875,12363.548828125,11708.6630859375,12631.185546875,11496.0625,13817.49609375,12023.7578125,13712.599609375,9691.9541015625,11311.6240234375,11915.7802734375,12498.7060546875,11318.5595703125,11676.0126953125,10517.3759765625,10659.9140625,10869.587890625,11237.9658203125,11912.0732421875,12337.001953125,11349.2392578125,12259.4208984375,12914.8017578125,13268.1591796875,12348.0185546875,9862.17578125,14991.6591796875,10520.9609375,9897.7099609375,11053.7900390625,11790.44140625,12259.185546875,9425.8857421875,12996.71875,12495.0859375,3850.841796875,12618.3251953125,10681.6435546875,10224.1005859375,11286.4453125,11522.98828125,13207.6455078125,10390.685546875,12670.791015625,4862.84765625,12801.2490234375,11091.79296875,13100.6064453125,12871.892578125,9842.46875,11439.5341796875,12007.0458984375,13558.6357421875,12281.5439453125,9793.8359375,12446.1796875,11478.87890625,10784.6240234375,12006.6025390625,11875.3681640625,12077.9453125,11578.5732421875,12672.1220703125,12113.234375,12062.765625,10693.4794921875,10833.11328125,12426.5703125,12821.5322265625,12665.5966796875,11939.5908203125,13108.13671875,11371.69921875,8257.4609375,12142.3671875,13335.5439453125,10062.1142578125,13399.625,12646.107421875,11653.462890625,13051.5537109375,10437.5810546875,11344.103515625,11768.146484375,8977.6474609375,10399.0009765625,12797.189453125,13091.0849609375,11892.26171875,10838.85546875,10700.23828125,10886.8017578125,10523.123046875,10100.5810546875,9042.71875,11693.171875,12159.3271484375,12207.6435546875,13073.2421875,12831.837890625,13309.5498046875,10609.6767578125,13162.216796875,9085.9150390625,12394.619140625,13412.0732421875,8856.5751953125,9355.421875,13854.384765625,13127.4638671875,12356.734375,12384.916015625,10684.2197265625,7926.5771484375,7876.494140625,12256.4296875,12541.189453125,10876.9072265625,6319.779296875,8595.08203125,10410.4072265625,11231.61328125,10975.8251953125,11419.97265625,12478.84375
13551.236328125,12805.1396484375,13265.158203125,13127.40234375,12709.494140625,13521.8125,14146.5888671875,12246.458984375,13614.44140625,12127.09765625,12766.478515625,12673.572265625,13771.6572265625,14454.3564453125,10149.6767578125,12091.5751953125,11259.58984375,11902.7958984375,13570.1826171875,11489.7919921875,12921.9599609375,11349.060546875,11450.9404296875,11391.3046875,13126.2509765625,14532.908203125,12872.7861328125,13742.1689453125,11451.9716796875,13652.583984375,12827.208984375,12197.2685546875,12099.4453125,11594.3310546875,8502.7138671875,11108.3115234375,11560.6923828125,12331.6591796875,11701.0927734375,12609.904296875,11519.740234375,13800.03125,11994.2666015625,13716.2734375,9690.45703125,11286.4912109375,11937.6005859375,12442.8681640625,11303.1416015625,11656.6025390625,10552.3994140625,10587.7646484375,10861.8310546875,11213.669921875,11927.6875,12311.8173828125,11372.2998046875,12245.244140625,12921.2880859375,13244.5751953125,12307.037109375,9869.7421875,15072.5556640625,10544.35546875,9877.72265625,11034.876953125,11793.4560546875,12289.4033203125,9478.8525390625,13037.783203125,12501.7109375,3847.46923828125,12628.736328125,10703.3095703125,10296.4345703125,11258.0703125,11505.814453125,13256.869140625,10379.0322265625,12668.7734375,4832.04052734375,12738.880859375,11091.845703125,13151.5,12867.556640625,9828.1708984375,11424.017578125,11995.7607421875,13537.28515625,12351.2333984375,9813.5712890625,12480.5830078125,11503.4375,10756.240234375,12028.0673828125,11871.263671875,11982.1650390625,11563.1572265625,12641.4638671875,12100.771484375,12022.7119140625,10719.5966796875,10851.7822265625,12430.646484375,12840.6552734375,12737.8623046875,12019.15234375,13137.4658203125,11336.4873046875,8239.9189453125,12203.7373046875,13345.447265625,10047.2978515625,13410.296875,12784.48046875,11701.0751953125,13052.904296875,10474.6572265625,11394.8203125,11731.6015625,9000.51953125,10404.9775390625,12779.4248046875,13105.6396484375,11872.796875,10861.806640625,10659.8076171875,10923.7255859375,10544.931640625,10049.265625,9059.2998046875,11705.2333984375,12197.1474609375,12247.5703125,13096.5625,12851.6328125,13306.6845703125,10607.037109375,13228.3125,9130.5751953125,12522.7744140625,13437.7265625,8954.2822265625,9395.6748046875,13911.7060546875,13148.3447265625,12433.701171875,12371.1572265625,10735.119140625,7911,7914.51708984375,12294.15234375,12582.1640625,10883.5234375,6331.76318359375,8563.7744140625,10444.130859375,11361.8779296875,10975.50390625,11478.0869140625,12396.0166015625
13587.56640625,12809.2890625,13309.1689453125,13177.1845703125,12737.6103515625,13579.7158203125,14228.8125,12273.2314453125,13595.763671875,12203.25,12763.615234375,12669.7685546875,13768.8251953125,14469.208984375,10205.4794921875,12075.9716796875,11287.63671875,11900.560546875,13609.87109375,11531.2900390625,13011.19140625,11405.1796875,11476.0390625,11416.4296875,13168.5576171875,14505.6123046875,12883.572265625,13716.84375,11428.650390625,13671.0537109375,12791.0185546875,12207.0947265625,12054.80078125,11601.126953125,8474.2353515625,11107.9111328125,11532.6904296875,12321.3681640625,11705.1865234375,12622.8203125,11522.3134765625,13805.6728515625,12012.6728515625,13734.2421875,9665.7568359375,11282.7802734375,11971.52734375,12425.6162109375,11341.283203125,11701.4453125,10556.521484375,10504.4296875,10873.66015625,11151.9609375,11935.5234375,12256.048828125,11381.8193359375,12234.7587890625,12959.1015625,13155.6904296875,12291.7470703125,9907.6298828125,15149.865234375,10547.0810546875,9897.5361328125,11026.5634765625,11801.1865234375,12302.4345703125,9534.3828125,13071.9482421875,12529.6806640625,3865.79223632812,12691.548828125,10737.615234375,10330.896484375,11225.177734375,11510.705078125,13250.9384765625,10356.05078125,12680.8984375,4833.8720703125,12658.39453125,11089.1494140625,13187.103515625,12879.7744140625,9858.4453125,11407.7744140625,12042.67578125,13591.3662109375,12374.87890625,9823.4873046875,12507.626953125,11517.740234375,10723.4052734375,12074.9521484375,11920.646484375,11945.7001953125,11571.037109375,12671.7548828125,12079.0341796875,12022.8681640625,10703.2138671875,10845.1904296875,12455.1103515625,12933.5654296875,12727.21484375,12132.0537109375,13148.22265625,11290.736328125,8194.9287109375,12241.7734375,13419.16796875,10036.2373046875,13397.021484375,12861.2763671875,11729.046875,13143.4873046875,10479.9443359375,11428.681640625,11727.240234375,9016.8251953125,10437.111328125,12780.2998046875,13187.970703125,11878.8203125,10849.3544921875,10626.2724609375,10907.1533203125,10511.810546875,9989.912109375,9083.7412109375,11728.9755859375,12216.5224609375,12297.634765625,13069.4345703125,12885.728515625,13337.9716796875,10548.3046875,13248.5751953125,9188.6123046875,12624.3779296875,13434.798828125,8941.1572265625,9427.3603515625,13926.0341796875,13116.2861328125,12348.7373046875,12355.03515625,10769.4091796875,7932.869140625,7939.12841796875,12266.3203125,12563.7001953125,10856.6669921875,6355.8701171875,8524.109375,10437.6279296875,11345.3935546875,10951.46875,11505.5048828125,12383.390625
13638.458984375,12844.6943359375,13361.7060546875,13289.2734375,12806.5927734375,13596.1591796875,14250.8291015625,12307.6279296875,13643.9970703125,12287.806640625,12748.84375,12654.4013671875,13757.0390625,14461.2958984375,10253.642578125,12091.5830078125,11348.0908203125,11887.9658203125,13635.7197265625,11544.2001953125,13055.4296875,11449.05078125,11559.2109375,11444.3623046875,13216.27734375,14507.2119140625,12904.71875,13724.6259765625,11395.7119140625,13673.88671875,12762.8486328125,12223.369140625,12041.1875,11598.6572265625,8456.037109375,11121.2158203125,11532.5380859375,12336.1689453125,11717.693359375,12648.1220703125,11509.6630859375,13819.5,12071.9970703125,13749.5439453125,9640.0380859375,11301.4658203125,11988.0302734375,12469.3984375,11403.2451171875,11741.650390625,10525.630859375,10468.828125,10908.2119140625,11098.8623046875,11928.9189453125,12228.158203125,11382.515625,12222.1328125,13008.326171875,13074.8720703125,12323.5029296875,9951.16796875,15128.6083984375,10526.77734375,9940.18359375,11027.732421875,11785.75390625,12293.5693359375,9554.6376953125,13081.3193359375,12559.2158203125,3890.84375,12740.0341796875,10760.14453125,10311.39453125,11213.138671875,11556.48046875,13205.201171875,10341.9755859375,12687.4765625,4851.74560546875,12638.71484375,11079.7578125,13164.083984375,12893.1875,9887.7529296875,11409.5185546875,12079.2548828125,13668.578125,12324.9609375,9826.341796875,12484.6572265625,11510.7646484375,10716.3154296875,12100.8017578125,11987.970703125,12008.8798828125,11591.521484375,12690.5859375,12058.6416015625,12067.6494140625,10675.1689453125,10818.3271484375,12477.9404296875,13012.9482421875,12646.302734375,12157.2099609375,13140.1181640625,11279.1953125,8168.0458984375,12215.40234375,13498.994140625,10038.10546875,13380.044921875,12792.5908203125,11706.271484375,13248.9013671875,10457.0546875,11426.5751953125,11763.5166015625,9002.4599609375,10463.4541015625,12803.5654296875,13275.6591796875,11889.787109375,10791.5390625,10627.68359375,10852.9404296875,10460.60546875,9963.9892578125,9100.2626953125,11741.916015625,12209.3564453125,12314.1865234375,13023.8203125,12887.1533203125,13342.20703125,10481.8828125,13205.5537109375,9209.5185546875,12631.205078125,13401.9599609375,8836.2802734375,9431.9873046875,13889.416015625,13037.515625,12187.7275390625,12356.7626953125,10767.5595703125,7960.2041015625,7933.90380859375,12196.529296875,12516.4716796875,10819.2001953125,6378.97705078125,8525.2158203125,10408.8623046875,11217.8408203125,10935.6318359375,11494.0234375,12452.1015625
13644.4658203125,12849.923828125,13335.9658203125,13344.2578125,12842.205078125,13550.6474609375,14164.0380859375,12320.3486328125,13700.1201171875,12302.1884765625,12741.9892578125,12620.671875,13726.9365234375,14422.10546875,10262.708984375,12113.1689453125,11337.888671875,11885.7021484375,13613.880859375,11498.0859375,13002.7158203125,11419.091796875,11623.15625,11427.3779296875,13227.8427734375,14518.38671875,12917.931640625,13751.8251953125,11382.4267578125,13660.919921875,12734.939453125,12202.283203125,12042.7939453125,11553.2705078125,8491.962890625,11118.9228515625,11557.8984375,12347.9375,11723.8828125,12651.4208984375,11506.0537109375,13826.8583984375,12116.1689453125,13741.2529296875,9630.3056640625,11312.2158203125,11969.1640625,12541.056640625,11426.7041015625,11700.9501953125,10474.6123046875,10473.51171875,10927.810546875,11087.0234375,11910.4697265625,12255.5693359375,11385.0703125,12208.7177734375,13021.5927734375,13049.568359375,12372.3662109375,9961.8876953125,15003.4833984375,10496.1845703125,9964.8857421875,11029.626953125,11753.8955078125,12263.8056640625,9531.240234375,13078.4580078125,12567.8154296875,3891.20922851562,12699.7138671875,10756.779296875,10261.9560546875,11213.048828125,11608.1845703125,13172.263671875,10343.80078125,12680.7314453125,4850.85986328125,12681.6220703125,11072.24609375,13089.9560546875,12862.0791015625,9860.8701171875,11414.1396484375,12027.759765625,13691.1796875,12246.58203125,9824.1845703125,12419.8876953125,11496.5400390625,10729.3310546875,12069.3447265625,11976.556640625,12098.6982421875,11598.5439453125,12615.638671875,12048.275390625,12111.0048828125,10677.0625,10778.6455078125,12471.7734375,12992.529296875,12577.8544921875,12046.0732421875,13123.751953125,11315.71875,8187.3232421875,12145.7041015625,13502.1650390625,10041.9150390625,13369.662109375,12644.2353515625,11624.6875,13247.2607421875,10441.9951171875,11401.19140625,11808.3359375,8970.2119140625,10452.4462890625,12825.681640625,13286.09765625,11879.5888671875,10717.4873046875,10649.13671875,10807.0283203125,10442.7578125,9978.3642578125,9090.646484375,11728.5859375,12200.0595703125,12283.146484375,13009.3623046875,12827.4287109375,13276.47265625,10452.787109375,13127.6484375,9171.6171875,12556.4814453125,13364.5869140625,8725.4189453125,9399.9189453125,13834.64453125,12949.080078125,12113.4716796875,12370.240234375,10733.3896484375,7958.224609375,7909.21630859375,12144.8759765625,12482.0439453125,10798.2490234375,6390.982421875,8574.0703125,10401.9716796875,11096.5498046875,10938.564453125,11472.16796875,12540.875
13588.14453125,12789.236328125,13225.015625,13279.638671875,12789.384765625,13490.513671875,14020.4873046875,12307.5390625,13692.48828125,12231.2578125,12745.3623046875,12590.416015625,13689.3388671875,14370.9873046875,10243.8876953125,12106.1474609375,11229.7705078125,11906.5185546875,13563.4296875,11426.3798828125,12877.7607421875,11332.330078125,11609.8486328125,11370.25,13180.8125,14511.2060546875,12903.025390625,13771.8798828125,11392.38671875,13649.8271484375,12692.814453125,12163.4267578125,12039.029296875,11466.1796875,8570.1845703125,11079.744140625,11586.69921875,12331.00390625,11712.7509765625,12622.892578125,11530.64453125,13839.8984375,12104.322265625,13707.08203125,9632.8212890625,11289.486328125,11930.5458984375,12582.1220703125,11387.4794921875,11602.744140625,10425.619140625,10477.14453125,10901.091796875,11110.408203125,11892.84375,12304.998046875,11391.1103515625,12205.708984375,12973.4521484375,13082.28125,12386.673828125,9929.759765625,14879.623046875,10475.51171875,9952.2431640625,11027.84765625,11748.7431640625,12225.28125,9489.9873046875,13087.875,12549.4970703125,3853.86254882812,12564.6884765625,10735.5927734375,10225.9794921875,11201.8291015625,11612.7919921875,13184.4833984375,10351.9970703125,12666.994140625,4824.86181640625,12724.8671875,11077.6123046875,13026.162109375,12765.6953125,9794.103515625,11397.591796875,11905.587890625,13631.6748046875,12210.6025390625,9808.9296875,12369.9814453125,11491.69140625,10733.6015625,11999.1064453125,11849.5654296875,12104.1796875,11582.7333984375,12470.6103515625,12047.9677734375,12100.5498046875,10717.3203125,10728.8671875,12427.3583984375,12879.958984375,12585.0322265625,11875.6162109375,13105.5615234375,11361.259765625,8231.7451171875,12090.7734375,13418.6533203125,10035,13352.701171875,12560.8291015625,11519.22265625,13095.4462890625,10458.4404296875,11377.8046875,11821.5966796875,8953.435546875,10410.970703125,12830.8818359375,13197.6845703125,11854.509765625,10674.400390625,10651.1748046875,10800.6904296875,10468.294921875,10001.7158203125,9057.96484375,11702.953125,12211.7763671875,12234.7080078125,13048.244140625,12739.1904296875,13182.845703125,10466.8447265625,13071.4716796875,9105.5556640625,12473.9384765625,13348.3544921875,8682.341796875,9347.7197265625,13799.583984375,12904.5224609375,12182.759765625,12379.97265625,10694.0546875,7923.802734375,7890.4501953125,12144.3984375,12475.4658203125,10800.8623046875,6389.6318359375,8622.2421875,10434.228515625,11065.3994140625,10939.4013671875,11474.1328125,12574.9013671875
13505.6025390625,12700.9697265625,13122.6416015625,13153.720703125,12674.6748046875,13470.970703125,13925.408203125,12289.1669921875,13613.361328125,12132.7998046875,12737.58203125,12594.056640625,13663.23828125,14336.9931640625,10227.9384765625,12063.341796875,11114.69921875,11937.8662109375,13525.9873046875,11392.53515625,12759.63671875,11272.0166015625,11535.8154296875,11328.671875,13095.19140625,14486.60546875,12861.5283203125,13769.0908203125,11402.1962890625,13659.1123046875,12648.7880859375,12173.18359375,12042.8681640625,11397.9677734375,8631.6513671875,11019.7744140625,11598.34375,12291.2255859375,11688.9970703125,12586.0615234375,11574.3935546875,13882.115234375,12056.873046875,13664.7763671875,9630.3583984375,11236.5673828125,11907.0859375,12565.509765625,11329.2529296875,11555.6875,10398.7265625,10463.2626953125,10842.3046875,11132.138671875,11888.0302734375,12320.201171875,11392.185546875,12219.8046875,12893.970703125,13148.4326171875,12343.6962890625,9888.1708984375,14868.8818359375,10478.306640625,9921.0205078125,11025.205078125,11799.5390625,12200.7373046875,9461.916015625,13111.0498046875,12515.091796875,3802.169921875,12415.6171875,10714.8095703125,10228.8447265625,11175.345703125,11562.6123046875,13225.8046875,10354.634765625,12654.607421875,4801.96240234375,12716.447265625,11091.9462890625,13027.2275390625,12647.7861328125,9764.9560546875,11366.1943359375,11820.2333984375,13537.6171875,12238.0419921875,9767.4326171875,12378.0078125,11492.5185546875,10715.9560546875,11949.470703125,11701.6318359375,11997.927734375,11561.853515625,12377.783203125,12050.3759765625,12031.5244140625,10760.4736328125,10674.8212890625,12357.1728515625,12767.89453125,12644.5986328125,11774.072265625,13085.28515625,11364.794921875,8257.6171875,12084.916015625,13326.5498046875,10021.2353515625,13317.1689453125,12604.8466796875,11448.3623046875,12880.265625,10487.767578125,11366.39453125,11794.2978515625,8970.4638671875,10375.201171875,12826.3740234375,13067.7158203125,11846.7509765625,10684.2783203125,10616.20703125,10820.4404296875,10500.5419921875,9999.134765625,9028.2080078125,11692.7470703125,12232.99609375,12207.6484375,13114.4501953125,12692.8056640625,13154.3173828125,10494.951171875,13072.3837890625,9062.8603515625,12441.2431640625,13350.7666015625,8709.625,9306.2197265625,13797.3447265625,12939.111328125,12281.1787109375,12384.0390625,10672.48046875,7886.74072265625,7892.818359375,12170.462890625,12481.107421875,10813.0107421875,6375.38720703125,8615.4951171875,10469.0224609375,11099.1650390625,10915.8173828125,11497.7373046875,12534.326171875
13448.1220703125,12656.76171875,13120.810546875,13074.8642578125,12579.52734375,13493.462890625,13932.6435546875,12281.689453125,13531.037109375,12073.1201171875,12701.28515625,12635.59375,13658.1796875,14336.591796875,10226.306640625,12012.7294921875,11097.8564453125,11948.31640625,13517.3515625,11417.1953125,12710.3515625,11297.0966796875,11467.0029296875,11343.4208984375,13019.9921875,14473.884765625,12822.4296875,13746.873046875,11390.611328125,13682.9609375,12636.240234375,12258.9091796875,12088.9814453125,11419.9267578125,8634.40234375,10987.2841796875,11596.7119140625,12260.4365234375,11669.08984375,12571.30078125,11601.40625,13946.3076171875,12027.5703125,13633.6787109375,9613.7490234375,11175.6650390625,11916.48828125,12517.51171875,11316.2890625,11628.5546875,10405.0390625,10448.6015625,10795.2314453125,11119.8154296875,11893.388671875,12282.41796875,11381.5009765625,12239.580078125,12844.8671875,13206.255859375,12273.0849609375,9880.474609375,14972.251953125,10500.4765625,9901.294921875,11026.2041015625,11877.953125,12206.0029296875,9452.591796875,13120.6728515625,12479.3095703125,3774.81494140625,12353.1533203125,10702.7841796875,10257.0810546875,11153.2607421875,11509.7998046875,13257.7265625,10350.0029296875,12645.525390625,4807.77587890625,12661.314453125,11097.15625,13082.064453125,12587.998046875,9822.0791015625,11358.005859375,11853.626953125,13482.66015625,12281.2734375,9699.3974609375,12421.2705078125,11481.794921875,10694.3857421875,11959.369140625,11677.0126953125,11869.0859375,11560.265625,12432.9658203125,12049.15625,11955.90625,10764.0703125,10635.6455078125,12285.314453125,12735.376953125,12675.46875,11801.947265625,13064.9609375,11323.2060546875,8248.1572265625,12111.583984375,13302.5869140625,10016.9775390625,13282.45703125,12694.458984375,11448.7333984375,12737.80859375,10490.708984375,11357.63671875,11754.51953125,9009.76953125,10367.408203125,12822.1201171875,12976.0126953125,11870.9658203125,10725.2392578125,10570.8818359375,10825.076171875,10502.7568359375,9968.466796875,9025.3486328125,11703.693359375,12226.8017578125,12206.1689453125,13158.8203125,12725.0986328125,13232.583984375,10505.6953125,13111.556640625,9066.7060546875,12448.6484375,13347.748046875,8749.8037109375,9291.2587890625,13817.1328125,13037.3232421875,12258.9794921875,12389.0517578125,10663.7822265625,7878.81005859375,7907.55615234375,12174.400390625,12478.45703125,10820.6533203125,6349.359375,8554.1220703125,10452.1455078125,11104.625,10874.4111328125,11502.0478515625,12471.736328125
13442.3740234375,12683.2939453125,13206.4375,13084.6279296875,12560.1337890625,13514.16015625,14000.0341796875,12281.712890625,13523.4287109375,12066.0830078125,12652.126953125,12685.072265625,13672.076171875,14365.033203125,10226.01171875,11991.021484375,11177.6123046875,11916.3515625,13518.8876953125,11455.666015625,12730.046875,11376.5888671875,11448.587890625,11393.3232421875,12995.888671875,14491.9609375,12817.4130859375,13720.4951171875,11363.6318359375,13689.501953125,12669.2685546875,12359.5341796875,12180.443359375,11534.2998046875,8598.40234375,11019.2392578125,11607.251953125,12264.4921875,11665.427734375,12586.4658203125,11579.310546875,13982.51953125,12037.8359375,13620.15234375,9594.3759765625,11127.640625,11942.6533203125,12484.7890625,11363.0791015625,11764.5302734375,10441.037109375,10446.1015625,10785.6328125,11078.21875,11892.11328125,12227.0859375,11362.291015625,12241.8154296875,12859.6123046875,13200.5205078125,12230.7265625,9913.5419921875,15081.1318359375,10523.4130859375,9900.212890625,11030.85546875,11918.25390625,12229.6064453125,9442.5703125,13093.6279296875,12451.763671875,3786.68041992188,12407.2236328125,10692.9716796875,10274.94921875,11153.0029296875,11510.5498046875,13262.6767578125,10344.7490234375,12639.0625,4834.92041015625,12602.7001953125,11081.7421875,13126.2666015625,12627.2646484375,9926.2421875,11400.2685546875,11968.876953125,13497.865234375,12281.2509765625,9629.1796875,12433.0966796875,11455.8564453125,10693.142578125,12007.3876953125,11812.91796875,11830.8505859375,11583.16796875,12603.072265625,12045.4443359375,11933.8466796875,10725.1533203125,10636.3564453125,12237.2998046875,12773.6328125,12629.07421875,11909.876953125,13051.7158203125,11286.8935546875,8226.689453125,12133.3154296875,13334.4140625,10031.580078125,13288.2919921875,12710.5166015625,11506.7861328125,12730.3779296875,10454.3359375,11342.228515625,11737.1083984375,9046.1943359375,10374.1826171875,12811.2998046875,12960.9423828125,11899.9892578125,10756.0400390625,10559.2626953125,10794.0810546875,10478.1953125,9940.7431640625,9047.3818359375,11710.8369140625,12174.51171875,12200.7158203125,13154.9638671875,12797.0654296875,13355.8984375,10492.537109375,13136.7880859375,9098.3583984375,12440.662109375,13328.31640625,8749.2509765625,9293.478515625,13841.94921875,13136.5478515625,12112.6357421875,12388.234375,10647.0966796875,7903.51904296875,7911.9169921875,12140.1875,12465.7685546875,10826.0400390625,6319.91259765625,8495.71484375,10374.7001953125,11032.42578125,10842.935546875,11453.529296875,12462.689453125
13483.4169921875,12740.92578125,13282.7783203125,13128.4765625,12603.6484375,13504.259765625,14050.2333984375,12278.3603515625,13599.501953125,12077.65625,12629.6611328125,12707.4189453125,13701.1484375,14403.0966796875,10216.50390625,12011.9140625,11252.591796875,11855.9599609375,13511.0732421875,11453.251953125,12778.1484375,11424.1748046875,11467.0302734375,11423.1953125,13029.5185546875,14521.6923828125,12848.5654296875,13706.2255859375,11347.9609375,13654.544921875,12720.7236328125,12380.6357421875,12260.8466796875,11653.5390625,8579.1279296875,11099.8310546875,11644.9970703125,12298.8828125,11675.787109375,12615.7392578125,11513.890625,13943.41796875,12055.8017578125,13621.6494140625,9594.1748046875,11107.5693359375,11958.26171875,12487.86328125,11420.3408203125,11839.8955078125,10488.533203125,10447.080078125,10801.1669921875,11047.251953125,11873.12890625,12203.236328125,11343.7744140625,12214.6513671875,12912.068359375,13097.6953125,12247.3583984375,9951.1640625,15096.3408203125,10531.0283203125,9900.333984375,11033.3203125,11884.9765625,12238.1953125,9415.62109375,13042.7734375,12438.1044921875,3813.97387695312,12513.2265625,10677.6240234375,10263.1796875,11168.3388671875,11561.9765625,13255.2021484375,10344.3017578125,12638.2626953125,4854.68115234375,12578.8876953125,11056.384765625,13113.2626953125,12724.6083984375,9991.51171875,11472.681640625,12049.13671875,13551.5791015625,12232.66796875,9593.9287109375,12379.9326171875,11435.796875,10712.5283203125,12038.58203125,11987.802734375,11905.0185546875,11612.7158203125,12754.5654296875,12045.1064453125,11973.7734375,10684.9384765625,10683.5361328125,12231.0927734375,12815.50390625,12542.3681640625,12001.31640625,13047.90234375,11300.6474609375,8222.8408203125,12135.4296875,13341.423828125,10056.658203125,13346.9013671875,12639.857421875,11574.0224609375,12810.701171875,10408.1767578125,11325.3935546875,11750.3408203125,9063.6279296875,10371.7939453125,12783.2265625,13006.28125,11893.2490234375,10755.3525390625,10596.3330078125,10755.375,10459.6181640625,9945.8603515625,9069.9912109375,11691.0458984375,12103.5302734375,12169.7333984375,13119.5908203125,12831.8623046875,13419.3173828125,10474.3408203125,13117.3623046875,9126.6484375,12381.3720703125,13311.8271484375,8710.4248046875,9298.029296875,13858.8515625,13173.4970703125,11996.8876953125,12361.8251953125,10620.0283203125,7936.33056640625,7892.478515625,12101.140625,12458.302734375,10839.9150390625,6305.25927734375,8495.0126953125,10290.2158203125,10936.5966796875,10836.181640625,11370.7041015625,12532.7080078125
13548.7939453125,12777.2880859375,13286.53125,13135.1103515625,12657.7666015625,13483.0185546875,14057.1298828125,12272.6611328125,13689.08984375,12077.0732421875,12654.8955078125,12693.6220703125,13742.7421875,14430.2255859375,10203.7841796875,12058.07421875,11240.16796875,11810.900390625,13499.78515625,11409.6611328125,12823.044921875,11392.015625,11476.7783203125,11408.4013671875,13097.84375,14525.375,12883.74609375,13713.888671875,11362.009765625,13596.8447265625,12748.8701171875,12297.271484375,12257.287109375,11673.97265625,8602.748046875,11168.0576171875,11687.732421875,12334.4091796875,11689.0498046875,12641.158203125,11452.513671875,13842.8583984375,12043.71484375,13637.578125,9623.4453125,11127.87109375,11957.3642578125,12511.533203125,11430.0263671875,11798.177734375,10524.0625,10446.4970703125,10816.6630859375,11062.3984375,11850.50390625,12224.3564453125,11331.9921875,12173.3642578125,12947.9130859375,12940.841796875,12300.3056640625,9955.06640625,15029.6171875,10525.244140625,9887.306640625,11026.5595703125,11812.55078125,12211.322265625,9380.2939453125,13007.2529296875,12442.2421875,3820.03076171875,12579.8369140625,10661.5078125,10239.498046875,11179.2568359375,11605.2001953125,13255.525390625,10348.9921875,12646.748046875,4849.96484375,12604.861328125,11044.1484375,13063.4091796875,12793.5107421875,9973.4384765625,11522.146484375,12024.6103515625,13589.1767578125,12184.16796875,9613.2158203125,12307.548828125,11445.890625,10731.951171875,12025.8154296875,12042.4970703125,12008.1220703125,11625.3798828125,12775.009765625,12050.1328125,12023.296875,10684.7255859375,10749.7255859375,12265.560546875,12821.67578125,12498.9609375,12020.3173828125,13043.7529296875,11349.6845703125,8238.1962890625,12132.8662109375,13278.421875,10075.1591796875,13417.5751953125,12581.7734375,11608.263671875,12895.728515625,10391.408203125,11318.6796875,11771.9873046875,9060.2060546875,10361.5009765625,12749.2998046875,13069.8623046875,11845.2626953125,10735.90234375,10652.3720703125,10758.513671875,10467.896484375,9981.17578125,9072.2783203125,11656.1484375,12065.642578125,12129.583984375,13088.978515625,12796.0498046875,13379.3603515625,10474.4853515625,13074.1640625,9139.3974609375,12294.953125,13322.8447265625,8684.7109375,9304.83984375,13859.134765625,13135.1279296875,12049.6748046875,12307.7099609375,10610.4755859375,7951.853515625,7859.41015625,12102.412109375,12468.2275390625,10861.5,6320.04541015625,8546.978515625,10263.1748046875,10916.9189453125,10840.6904296875,11313.3994140625,12627.8603515625
13607.802734375,12781.7109375,13254.7998046875,13099.10546875,12686.1162109375,13485.271484375,14054.259765625,12275.201171875,13712.546875,12068.6416015625,12702.7353515625,12661.197265625,13785.9677734375,14435.7158203125,10191.5419921875,12098.576171875,11159.474609375,11817.52734375,13501.6484375,11374.8369140625,12859.2431640625,11317.2958984375,11452.2001953125,11376.8037109375,13168.4228515625,14489.6083984375,12886.8671875,13742.67578125,11397.078125,13567.4873046875,12739.7021484375,12187.1689453125,12157.4716796875,11575.4814453125,8638.634765625,11173.48046875,11690.8486328125,12343.4814453125,11698.9013671875,12657.3203125,11445.8623046875,13756.5771484375,12009.6015625,13668.0380859375,9669.3447265625,11188.326171875,11956.6015625,12533.0380859375,11384.8798828125,11703.21484375,10532.6630859375,10463.84765625,10825.29296875,11114.5400390625,11855.904296875,12261.8671875,11326.998046875,12149.4130859375,12942.1904296875,12847.3837890625,12335.1357421875,9926.1865234375,14976.6689453125,10523.3798828125,9869.26953125,11010.2138671875,11770.1103515625,12168.8779296875,9360.6630859375,13010.8701171875,12461.8876953125,3793.8828125,12575.8984375,10657.5048828125,10237.2685546875,11178.5673828125,11590.767578125,13263.3662109375,10357.6591796875,12659.2314453125,4826.7080078125,12676.865234375,11056.2265625,13036.4140625,12782.1240234375,9902.3427734375,11514.861328125,11943.220703125,13584.3857421875,12179.8154296875,9667.8486328125,12299.1826171875,11483.234375,10738.0546875,11994.662109375,11943.4609375,12046.3671875,11609.74609375,12662.6865234375,12054.59375,12023.61328125,10720.7001953125,10789.3154296875,12314.5576171875,12815.7109375,12544.0439453125,11979.7890625,13026.96484375,11376.8671875,8251.5859375,12141.5498046875,13193.9990234375,10077.2978515625,13443.9658203125,12614.958984375,11601.4453125,12950.3056640625,10410.8291015625,11322.53515625,11774.6904296875,9039.58203125,10365.2451171875,12739.7509765625,13109.6962890625,11795.2998046875,10725.2001953125,10683.5478515625,10818.42578125,10491.248046875,10015.3623046875,9054.9736328125,11641.8310546875,12087.0263671875,12116.052734375,13080.2392578125,12734.564453125,13287.216796875,10498.7216796875,13053.1640625,9142.2783203125,12243.3564453125,13355.03125,8717.517578125,9321.1630859375,13840.7255859375,13065.6455078125,12234.0498046875,12260.4453125,10645.7314453125,7947.515625,7838.2177734375,12154.4375,12490.341796875,10874.462890625,6356.89794921875,8595.560546875,10304.7470703125,11010.65625,10836.384765625,11324.0458984375,12659.255859375
13626.248046875,12776.5087890625,13262.7314453125,13071.90234375,12687.87109375,13510.4814453125,14067.302734375,12286.095703125,13658.8330078125,12073.42578125,12724.8369140625,12630.8037109375,13807.8916015625,14423.685546875,10163.33203125,12111.599609375,11089.9521484375,11870.3173828125,13513.06640625,11386.099609375,12883.333984375,11274.6640625,11407.7177734375,11367.6298828125,13213.1591796875,14438.7568359375,12852.8359375,13781.021484375,11427.1015625,13595.25390625,12713.2392578125,12154.5791015625,12035.84765625,11443.244140625,8637.564453125,11124.4853515625,11635.8349609375,12320.810546875,11708.2568359375,12665.3955078125,11499.95703125,13753.1044921875,11995.7236328125,13702.6376953125,9706.2841796875,11261.17578125,11965.0029296875,12546.400390625,11329.3740234375,11656.6591796875,10515.5234375,10517.22265625,10836.162109375,11153.2939453125,11904.7431640625,12280.3671875,11327.00390625,12160.857421875,12918.4375,12911.568359375,12316.6953125,9900.0537109375,15002.04296875,10538.6318359375,9865.0224609375,10995.015625,11789.666015625,12154.458984375,9369.5302734375,13036.7421875,12483.9169921875,3760.69848632812,12544.4091796875,10668.89453125,10264.6904296875,11180.2861328125,11530.3134765625,13263.322265625,10369.580078125,12660.916015625,4796.62744140625,12771.7919921875,11081.6640625,13062.13671875,12716.0283203125,9836.4033203125,11468.185546875,11909.287109375,13553.4931640625,12213.1083984375,9711.6796875,12385.666015625,11514.6513671875,10737.501953125,11987.068359375,11807.935546875,12008.7724609375,11571.0810546875,12511.66796875,12050.7890625,11972.892578125,10747.8564453125,10776.845703125,12341.423828125,12833.6025390625,12643.0771484375,11926.8291015625,12999.4619140625,11350.9619140625,8249.6220703125,12156.4501953125,13171.30078125,10065.6650390625,13416.447265625,12693.0673828125,11574.0283203125,12988.03125,10436.89453125,11324.2119140625,11752.4580078125,9006.638671875,10387.4091796875,12768.5205078125,13093.9755859375,11785.7080078125,10737.9677734375,10674.0986328125,10891.5185546875,10504.1015625,10021.0693359375,9033.4296875,11662.8095703125,12142.7646484375,12141.083984375,13079.6357421875,12717.5888671875,13223.0712890625,10528.4814453125,13073.7783203125,9137.2490234375,12265.0947265625,13373.5126953125,8801.3125,9339.5224609375,13813.6728515625,13022.8662109375,12380.1806640625,12262.02734375,10714.19921875,7940.25830078125,7846.458984375,12226.0546875,12507.3125,10866.3154296875,6387.40625,8595.6806640625,10366.2265625,11154.60546875,10823.7841796875,11384.9248046875,12583.189453125
13584.09375,12771.833984375,13317.1494140625,13087.4716796875,12677.4443359375,13520.712890625,14070.4658203125,12287.9609375,13591.0107421875,12093.8115234375,12700.3779296875,12610.8447265625,13790.1337890625,14409.30078125,10102.3173828125,12094.8984375,11074.927734375,11926.3671875,13509.9658203125,11427.27734375,12875.9892578125,11295.9716796875,11374.265625,11384.5029296875,13212.89453125,14404.59375,12811.9501953125,13813.1845703125,11433.626953125,13648.8740234375,12691.580078125,12228.197265625,11991.3291015625,11385.9912109375,8587.3232421875,11076.5390625,11560.0361328125,12283.779296875,11720.0166015625,12662.3251953125,11566.8037109375,13824.759765625,12020.4169921875,13720.0859375,9716.865234375,11301.5703125,11965.2119140625,12556.40234375,11309.3798828125,11685.9501953125,10486.97265625,10582.6630859375,10849.35546875,11136.2666015625,11970.7470703125,12271.216796875,11331.3994140625,12193.8017578125,12912.7158203125,13096.8349609375,12261.0634765625,9904.7177734375,15073.3583984375,10563.9189453125,9878.7421875,10996.6279296875,11837.2509765625,12187.6337890625,9396.244140625,13047.0400390625,12491.064453125,3754.81420898438,12536.244140625,10680.8095703125,10291.783203125,11199.712890625,11477.8935546875,13250.4033203125,10381.1103515625,12641.7783203125,4763.3701171875,12843.4189453125,11101.7080078125,13110.2666015625,12663.95703125,9803.9794921875,11429.111328125,11966.48828125,13530.46484375,12242.212890625,9709.5302734375,12504.6806640625,11506.7646484375,10739.4189453125,12011.9970703125,11769.3828125,11961.470703125,11525.779296875,12428.578125,12039.2314453125,11930.720703125,10729.4169921875,10731.359375,12329.9560546875,12863.919921875,12720.5927734375,11900.244140625,12978.275390625,11303.34765625,8239.3466796875,12161.7900390625,13224.73046875,10048.173828125,13383.03125,12699.556640625,11550.681640625,13012.1865234375,10438.1005859375,11314.1552734375,11723.439453125,8971.884765625,10397.5966796875,12811.3984375,13015.9873046875,11817.8154296875,10766.376953125,10645.9580078125,10915.060546875,10496.2626953125,10000.7265625,9018.419921875,11690.7783203125,12182.1484375,12177.8544921875,13066.51171875,12757.4033203125,13216.3154296875,10534.3525390625,13110.4267578125,9116.263671875,12334.45703125,13357.2919921875,8881.162109375,9337.271484375,13796.072265625,13028.9755859375,12373.46484375,12310.41796875,10769.388671875,7943.921875,7877.15771484375,12277.8583984375,12506.5888671875,10846.998046875,6387.5263671875,8557.4970703125,10394.15234375,11254.9609375,10820.517578125,11438.5009765625,12442.2958984375
13500.8642578125,12755.4140625,13344.5078125,13123.1259765625,12664.8671875,13489.0302734375,14028.9189453125,12266.1142578125,13574.7978515625,12107.94140625,12657.6796875,12603.1064453125,13742.4013671875,14407.0771484375,10027.947265625,12062.4375,11093.212890625,11946.61328125,13482.0712890625,11456.5595703125,12823.345703125,11347.2392578125,11367.1494140625,11399.005859375,13164.310546875,14392.7744140625,12800.8408203125,13829.240234375,11419.9033203125,13667.2001953125,12675.4404296875,12340.978515625,12055.0478515625,11434.4375,8522.814453125,11072.5791015625,11528.1943359375,12258.2841796875,11728.603515625,12644.0859375,11587.9091796875,13894.9677734375,12051.330078125,13706.4462890625,9702.7177734375,11286.6220703125,11935.5400390625,12560.4130859375,11330.62109375,11731.8837890625,10465.5439453125,10604.11328125,10849.1171875,11074.9365234375,12002.265625,12251.814453125,11338.5966796875,12215.4189453125,12930.1123046875,13249.8623046875,12218.2001953125,9931.6474609375,15114.19921875,10577.3095703125,9894.1533203125,11020.529296875,11856.1513671875,12239.5283203125,9420.7958984375,13023.9013671875,12477.8642578125,3785.54125976562,12548.4765625,10673.8583984375,10283.154296875,11231.38671875,11468.9365234375,13240.6650390625,10384.54296875,12611.3134765625,4732.56884765625,12844.109375,11110.017578125,13129.5546875,12668.2080078125,9799.7666015625,11427.1435546875,12057.455078125,13536.3369140625,12240.251953125,9666.5859375,12556.6953125,11459.0654296875,10737.6064453125,12041.8671875,11840.16796875,11964.3837890625,11493.244140625,12461.177734375,12030.9130859375,11955.3251953125,10677.7958984375,10700.2744140625,12302.28125,12861.3798828125,12731.09765625,11915.4658203125,12976.4638671875,11289.73046875,8230.6240234375,12154.1689453125,13281.1591796875,10031.2412109375,13390.7265625,12595.724609375,11543.7265625,12992.2109375,10412.2197265625,11299.5625,11710.185546875,8951.212890625,10364.4716796875,12830.1083984375,12916.419921875,11855.5595703125,10790.9814453125,10630.1015625,10870.9990234375,10478.44921875,9980.400390625,9008.8251953125,11686.5576171875,12177.5078125,12191.3603515625,13040.9921875,12791.98828125,13238.7001953125,10501.0859375,13124.962890625,9078.9814453125,12382.2890625,13328.81640625,8905.0654296875,9304.5634765625,13798.541015625,13063.6708984375,12267.5869140625,12351.4580078125,10776.654296875,7954.94140625,7904.95166015625,12295.712890625,12491.88671875,10840.6044921875,6361.2861328125,8526.875,10382.65234375,11279.958984375,10835.07421875,11446.4658203125,12328.642578125
13435.251953125,12729.185546875,13288.2587890625,13137.9189453125,12658.189453125,13435.5908203125,13967.05078125,12231.927734375,13608.2734375,12096.9912109375,12641.32421875,12610.705078125,13703.02734375,14418.9638671875,9993.3173828125,12034.3466796875,11115.80078125,11931.513671875,13455.4990234375,11460.1083984375,12749.7587890625,11377.2646484375,11379.140625,11391.921875,13088.8349609375,14386.9521484375,12829.9501953125,13829.1630859375,11403.6591796875,13628.998046875,12658.646484375,12403.5478515625,12163.41796875,11522.912109375,8485.86328125,11101.751953125,11569.6689453125,12262.76953125,11725.8251953125,12617.3681640625,11550.220703125,13896.0595703125,12046.4560546875,13671.912109375,9677.49609375,11241.8525390625,11886.6552734375,12548.6796875,11365.1201171875,11734.388671875,10465.1748046875,10555.537109375,10826.548828125,11025.935546875,11970.8681640625,12240.5185546875,11343.78125,12206.9130859375,12945.005859375,13246.595703125,12222.9091796875,9950.3037109375,15101.0576171875,10564.4453125,9894.34765625,11051.7919921875,11829.689453125,12263.3984375,9434.2802734375,12985.1953125,12458.3994140625,3830.43701171875,12541.931640625,10646.3408203125,10240.52734375,11252.955078125,11490.1806640625,13253.1630859375,10374.86328125,12594.005859375,4724.3369140625,12769.71484375,11115.2998046875,13106.0625,12712.7646484375,9816.6435546875,11453.80859375,12095.2529296875,13568.86328125,12219.9072265625,9620.673828125,12501.9453125,11407.3193359375,10722.388671875,12052.7861328125,11920.037109375,12011.650390625,11486.4287109375,12580.2294921875,12037.76171875,12037.87890625,10642.732421875,10715.5595703125,12298.98046875,12815.119140625,12689.9931640625,11964.927734375,12987.580078125,11324.7734375,8219.3251953125,12146.580078125,13269.455078125,10020.0849609375,13427.5224609375,12481.2041015625,11553.3828125,12911.9423828125,10383.4638671875,11297.0830078125,11719.1259765625,8953.734375,10300.7001953125,12815.3876953125,12875.7685546875,11868.9345703125,10797.8623046875,10634.4296875,10804.7177734375,10465.2939453125,9981.8544921875,9001.083984375,11649.92578125,12146.7373046875,12176.822265625,13022.94140625,12759.0048828125,13258.8544921875,10445.421875,13109.2197265625,9046.0009765625,12363.7080078125,13329.634765625,8869.2939453125,9264.36328125,13815.4091796875,13098.7744140625,12200.216796875,12335.7373046875,10749.1484375,7961.3798828125,7909.44921875,12292.46484375,12479.6572265625,10857.1318359375,6334.99072265625,8531.072265625,10367.330078125,11271.8408203125,10856.5009765625,11421.15234375,12305.2763671875
13441.8935546875,12729.3271484375,13190.31640625,13127.5380859375,12668.1982421875,13406.7333984375,13959.8876953125,12216.9296875,13629.5595703125,12068.060546875,12662.1416015625,12630.6923828125,13707.92578125,14433.548828125,10031.3681640625,12025.6474609375,11152.1142578125,11913.7060546875,13468.6328125,11460.91796875,12710.2470703125,11371.7763671875,11396.4033203125,11375.0673828125,13026.9755859375,14379.4306640625,12877.5546875,13817.6689453125,11400.095703125,13579.8984375,12652.9169921875,12384.7841796875,12224.595703125,11565.927734375,8485.826171875,11121.349609375,11648.138671875,12297.46484375,11714.2744140625,12599.3408203125,11497.392578125,13834.14453125,12010.0908203125,13642.6552734375,9652.9423828125,11217.6689453125,11861.478515625,12521.9140625,11386.46484375,11701.3486328125,10488.1552734375,10479.3271484375,10798.669921875,11033.666015625,11903.3818359375,12239.5244140625,11342.3125,12182.576171875,12938.4228515625,13118.8916015625,12262.333984375,9944.041015625,15084.896484375,10534.2685546875,9881.3447265625,11063.8125,11793.4794921875,12246.4716796875,9441.9296875,12961.1494140625,12453.8134765625,3859.01684570312,12510.017578125,10619.0615234375,10204.1748046875,11249.9853515625,11508.8505859375,13285.87890625,10357.115234375,12606.1005859375,4758.10400390625,12677.453125,11126.3466796875,13073.7998046875,12754.2021484375,9853.85546875,11483.7216796875,12055.548828125,13610.587890625,12210.6611328125,9605.2861328125,12398.4970703125,11394.6279296875,10705.4453125,12053.1025390625,11923.146484375,12054.2958984375,11502.6298828125,12706.0546875,12060.0185546875,12104.91796875,10660.3037109375,10764.1748046875,12336.5126953125,12777.0078125,12644.322265625,12017.279296875,12994.701171875,11367.97265625,8197.939453125,12150.802734375,13207.552734375,10020.234375,13439.240234375,12490.5517578125,11573.8583984375,12818.6640625,10376.4609375,11312.5732421875,11737.580078125,8970.9814453125,10257.7763671875,12794.537109375,12953.44140625,11864.0849609375,10788.6279296875,10641.7939453125,10776.6337890625,10461.447265625,10003.0908203125,8998.451171875,11624.654296875,12129.40625,12161.0791015625,13026.7373046875,12677.6162109375,13277.5126953125,10408.529296875,13088.9755859375,9043.1416015625,12309.5322265625,13368.6123046875,8816.3046875,9252.8212890625,13835.7236328125,13129.2236328125,12225.5947265625,12279.615234375,10729.5556640625,7961.4267578125,7893.11279296875,12284.8330078125,12484.525390625,10878.2265625,6327.90625,8554.009765625,10375.8623046875,11275.88671875,10873.40234375,11399.4853515625,12361.5029296875
13519.998046875,12785.5029296875,13151.4404296875,13121.9462890625,12696.8154296875,13424.990234375,14044.4326171875,12239.998046875,13592.6796875,12046.15625,12687.4013671875,12643.8701171875,13756.544921875,14438.7666015625,10110.4384765625,12037.6845703125,11219.35546875,11917.830078125,13526.58984375,11477.6787109375,12740.2314453125,11354.271484375,11412.40625,11369.904296875,13011.845703125,14383.7666015625,12911.470703125,13798.7958984375,11411.78125,13579.802734375,12680.392578125,12321.2841796875,12207.3828125,11542.419921875,8502.5380859375,11112.3544921875,11698.66796875,12341.9287109375,11708.4912109375,12601.7578125,11483.8408203125,13774.3818359375,11990.7578125,13634.5595703125,9632.9580078125,11236.0625,11889.5869140625,12497.611328125,11390.46875,11683.529296875,10521.39453125,10444.84375,10793.013671875,11085.31640625,11860.263671875,12240.556640625,11336.0029296875,12174.0234375,12921.3896484375,13015.2041015625,12291.3193359375,9923.8701171875,15118.1201171875,10510.8349609375,9871.4814453125,11042.4736328125,11790.1123046875,12221.6611328125,9449.84765625,12962.833984375,12470.328125,3859.564453125,12502.2314453125,10615.2451171875,10208.75,11231.31640625,11515.59375,13314.904296875,10343.109375,12637.6884765625,4820.94384765625,12640.5634765625,11139.7958984375,13072.396484375,12772.029296875,9893.3330078125,11503.6376953125,11988.2490234375,13641.4296875,12223.45703125,9620.74609375,12344.169921875,11435.876953125,10715.5498046875,12064.7314453125,11867.1806640625,12062.95703125,11523.5751953125,12757.9716796875,12083.4404296875,12090.0458984375,10717.4521484375,10801.615234375,12387.2841796875,12804.4951171875,12624.943359375,12027.7548828125,12992.84765625,11374.00390625,8177.23046875,12163.5908203125,13179.158203125,10033.5029296875,13402.2880859375,12643.5009765625,11594.47265625,12791.9921875,10398.0224609375,11331.767578125,11747.6728515625,8984.2548828125,10270.2275390625,12793.2060546875,13119.4794921875,11867.4248046875,10778.517578125,10634.986328125,10799.5751953125,10463.921875,10024.7421875,9006.5966796875,11648.2275390625,12144.0908203125,12168.3251953125,13044.6884765625,12639.5205078125,13304.4560546875,10423.01953125,13089.2578125,9072.3330078125,12302.984375,13407.4150390625,8790.47265625,9279.306640625,13858.7939453125,13166.2470703125,12265.6484375,12253.7060546875,10738.4404296875,7966.59375,7876.193359375,12274.939453125,12505.7666015625,10876.4609375,6333.4453125,8563.6484375,10396.984375,11279.6826171875,10891.2099609375,11397.552734375,12438.529296875
13610.1201171875,12866.9755859375,13217.7509765625,13137.1376953125,12726.3671875,13470.814453125,14161.0478515625,12284.9697265625,13525.12109375,12048.8203125,12681.5439453125,12626.6337890625,13811.271484375,14435.6220703125,10160.1943359375,12058.3759765625,11288.224609375,11934.0703125,13590.6279296875,11495.615234375,12818.8310546875,11346.9609375,11426.7998046875,11377.9482421875,13043.724609375,14412.4443359375,12915.1064453125,13778.9921875,11430.421875,13631.08984375,12739.8291015625,12266.037109375,12160.2626953125,11501.5166015625,8518.4970703125,11100.341796875,11692.6611328125,12365.3955078125,11718.2783203125,12619.384765625,11519.4765625,13769.419921875,12022.6953125,13640.330078125,9617.7431640625,11267.90625,11948.029296875,12492.6650390625,11386.5439453125,11704.1953125,10541.662109375,10470.7890625,10813.5087890625,11127.08203125,11878.7314453125,12239.4248046875,11334.05078125,12195.314453125,12916.3837890625,13034.9716796875,12278.978515625,9909.0791015625,15182.9248046875,10509.646484375,9874.0908203125,11003.0185546875,11823.89453125,12225.16015625,9455.7744140625,12977.6162109375,12491.845703125,3843.88330078125,12561.4072265625,10636.7177734375,10244.00390625,11217.548828125,11526.05078125,13317.5908203125,10339.7578125,12661.908203125,4864.40771484375,12677.3720703125,11144.4375,13105.646484375,12781.7802734375,9896.3984375,11514.7998046875,11951.568359375,13648.9892578125,12243.4306640625,9641.390625,12384.314453125,11504.17578125,10760.4716796875,12085.5009765625,11830.4814453125,12052.8046875,11531.2060546875,12706.7529296875,12090.1328125,12002.4130859375,10766.955078125,10794.640625,12407.740234375,12884.958984375,12628.8251953125,11973.390625,12994.4951171875,11343.62890625,8182.75,12172.9873046875,13229.59765625,10053.025390625,13358.73828125,12818.470703125,11599.658203125,12856.3017578125,10438.6953125,11333.4189453125,11741.9990234375,8984.9716796875,10316.515625,12800.888671875,13259.5029296875,11888.0439453125,10784.001953125,10617.1826171875,10831.3056640625,10470.1865234375,10031.3720703125,9023.25,11704.1279296875,12170.9140625,12192.7099609375,13058.404296875,12710.55859375,13323.9248046875,10480.451171875,13105.16015625,9106.4189453125,12391.3232421875,13404.7880859375,8797.47265625,9316.0078125,13889.220703125,13208.16015625,12224.8896484375,12302.716796875,10750.6123046875,7984.693359375,7874.98291015625,12253.4853515625,12526.0439453125,10847.3212890625,6331.46484375,8551.4033203125,10400.0439453125,11234.1865234375,10918.25390625,11400.9208984375,12489.00390625
13649.6884765625,12897.7607421875,13330.876953125,13154.26953125,12735.529296875,13512.4130859375,14208.9130859375,12315.8681640625,13500.1806640625,12073.62890625,12649.30859375,12580.79296875,13832.7734375,14436.8564453125,10146.0693359375,12073.9482421875,11297.259765625,11934.3505859375,13617.77734375,11490.5087890625,12890.7919921875,11347.3251953125,11438.3203125,11383.6181640625,13093.7890625,14452.0439453125,12895.8037109375,13771.8583984375,11444.6376953125,13675.48828125,12795.3486328125,12243.2470703125,12147.189453125,11496.51953125,8536.9921875,11117.8046875,11659.6806640625,12348.763671875,11733.62890625,12638.2724609375,11562.8076171875,13811.3486328125,12083.984375,13645.251953125,9608.1669921875,11268.4580078125,11979.9912109375,12504.4501953125,11380.8857421875,11739.0009765625,10532.1142578125,10506.0546875,10831.4794921875,11121.859375,11938.109375,12239.5615234375,11345.3056640625,12226.2255859375,12925.7392578125,13126.0107421875,12239.134765625,9904.107421875,15208.8798828125,10523.4609375,9881.060546875,10979.869140625,11864.931640625,12251.9873046875,9454.576171875,12990.173828125,12496.4384765625,3831.21826171875,12649.802734375,10662.8466796875,10267.3203125,11217.9111328125,11546.5322265625,13293.26953125,10343.9541015625,12663.439453125,4847.87451171875,12733.421875,11134.3154296875,13144.576171875,12803.8935546875,9848.15234375,11515.09765625,11955.7998046875,13635.8115234375,12251.00390625,9647.865234375,12477.6064453125,11548.94921875,10803.5,12085.1708984375,11846.9765625,12051.978515625,11527.171875,12599.890625,12073.5439453125,11921.060546875,10773.03515625,10750.70703125,12386.248046875,12939.4677734375,12637.3251953125,11886.630859375,13009.87109375,11316.3212890625,8223.4375,12172.9951171875,13310.8359375,10066.53515625,13364.19140625,12875.1513671875,11577.1767578125,12944.3154296875,10481.7158203125,11311.29296875,11727.8330078125,8983.8955078125,10347.4404296875,12785.921875,13270.0068359375,11905.4658203125,10806.9609375,10606.046875,10828.234375,10479.3935546875,10024.609375,9038.3720703125,11735.0390625,12174.46484375,12208.5205078125,13061.1728515625,12849.7490234375,13307.724609375,10532.34765625,13111.0498046875,9117.9462890625,12518.2841796875,13367.30078125,8806.7373046875,9332.5732421875,13915.6005859375,13230.767578125,12116.7080078125,12386.5693359375,10727.4013671875,8004.33984375,7887.087890625,12215.7216796875,12525.1455078125,10816.0693359375,6314.12158203125,8536.0625,10374.8154296875,11123.99609375,10939.25,11394.9111328125,12506.7021484375
13631.8896484375,12840.5,13397.2373046875,13155.421875,12728.91015625,13540.240234375,14158.0673828125,12313.029296875,13553.529296875,12106.5,12631.1484375,12544.2021484375,13814.9951171875,14450.4033203125,10105.89453125,12082.6572265625,11230.826171875,11908.9951171875,13603.98828125,11470.0791015625,12922.0263671875,11343.4501953125,11443.953125,11380.962890625,13134.03125,14471.876953125,12873.5029296875,13789.703125,11447.0537109375,13664.60546875,12810.2841796875,12246.96484375,12176.6015625,11528.2197265625,8567.68359375,11157.4423828125,11645.333984375,12302.802734375,11732.5576171875,12651.84765625,11567.2568359375,13851.5908203125,12121.4765625,13648.927734375,9603.638671875,11229.80859375,11955.5771484375,12515.62109375,11372.943359375,11761.1630859375,10498.7060546875,10494.3740234375,10816.5439453125,11083.3828125,11982.7138671875,12243.2705078125,11368.296875,12232.615234375,12931.072265625,13160.134765625,12214.958984375,9899.447265625,15154.7158203125,10531.9248046875,9879.7998046875,10995.80078125,11888.0185546875,12263.7978515625,9447.3408203125,12998.8623046875,12479.0234375,3831.4169921875,12668.1162109375,10673.2509765625,10253.759765625,11222.7333984375,11556.8974609375,13260.5908203125,10350.982421875,12654.6689453125,4785.5703125,12740.900390625,11114.4091796875,13161.541015625,12831.6611328125,9796.7470703125,11493.5498046875,11974.60546875,13618.8232421875,12241.43359375,9647.5595703125,12545.6943359375,11533.3564453125,10794.98046875,12042.8515625,11872.15625,12063.712890625,11532.669921875,12529.7802734375,12044.0556640625,11920.0517578125,10739.650390625,10706.3349609375,12356.7861328125,12909.9208984375,12639.369140625,11839.935546875,13029.2353515625,11320.2041015625,8271.41796875,12167.0380859375,13344.1748046875,10066.626953125,13411.7822265625,12788.1259765625,11531.7392578125,12967.6484375,10508.1171875,11281.935546875,11719.076171875,8996.3671875,10348.01171875,12741.5771484375,13157.8095703125,11894.9375,10828.916015625,10611.6640625,10796.02734375,10489.55078125,10017.5908203125,9045.7568359375,11704.9677734375,12140.9453125,12202.5048828125,13062.0380859375,12940.6865234375,13261.6220703125,10530.2646484375,13092.7451171875,9109.171875,12561.49609375,13342.9375,8790.6826171875,9333.041015625,13907.5146484375,13212.107421875,12047.4423828125,12416.1962890625,10666.0810546875,8003.12548828125,7898.5419921875,12171.1640625,12498.578125,10810.54296875,6293.32958984375,8534.5078125,10342.203125,10997.8017578125,10920.412109375,11388.5400390625,12506.5712890625
13604.978515625,12750.4599609375,13387.001953125,13160.337890625,12737.328125,13563.9033203125,14083.2548828125,12289.453125,13637.9140625,12133.8408203125,12656.822265625,12558.3564453125,13784.4453125,14466.4130859375,10103.2001953125,12094.3994140625,11156.546875,11878.9453125,13580.4326171875,11470.63671875,12923.7724609375,11337.791015625,11443.125,11382.9384765625,13158.828125,14456.8193359375,12863.6123046875,13824.060546875,11437.8662109375,13616.98828125,12785.8974609375,12261.8046875,12201.1552734375,11555.380859375,8603.1904296875,11177.3046875,11657.8466796875,12262.419921875,11705.8583984375,12662.154296875,11528.8388671875,13854.8671875,12108.27734375,13662.03125,9598.79296875,11189.484375,11905.5234375,12515.3515625,11362.0771484375,11777.8759765625,10468.0029296875,10443.71875,10772.5595703125,11052.509765625,11976.6376953125,12245.1494140625,11388.9970703125,12202.7685546875,12923.228515625,13089.693359375,12235.1279296875,9889.3291015625,15055.0869140625,10523.5341796875,9872.0986328125,11039.4697265625,11894.6171875,12237.990234375,9439.921875,13009.5546875,12454.9169921875,3841.58642578125,12564.92578125,10668.2060546875,10223.595703125,11217.916015625,11536.9267578125,13238.1494140625,10363.7890625,12659.60546875,4738.78515625,12690.0498046875,11094.611328125,13151.94140625,12836.8564453125,9818.0927734375,11448.1416015625,11990.7626953125,13616.291015625,12224.5478515625,9661.2548828125,12546.75,11465.15625,10730.7666015625,11978.7890625,11851.8671875,12068.3779296875,11562.7958984375,12556.8095703125,12020.38671875,11999.1982421875,10698.2109375,10688.9326171875,12360.4765625,12829.115234375,12634.6552734375,11879.01953125,13034.080078125,11342.9609375,8284.2421875,12159.69140625,13321.3076171875,10055.7314453125,13432.7529296875,12654.56640625,11487.521484375,12918.837890625,10502.63671875,11270.0625,11725.0966796875,9020.2607421875,10353.1318359375,12702.86328125,13038.5673828125,11857.2060546875,10824.8994140625,10624.92578125,10778.3603515625,10498.658203125,10019.9853515625,9049.7294921875,11640.2783203125,12091.4765625,12188.8779296875,13067.890625,12907.9052734375,13235.6904296875,10470.322265625,13062.3818359375,9106.8447265625,12456.9990234375,13362.6884765625,8756.2939453125,9346.4091796875,13848.228515625,13161.0791015625,12086.986328125,12350.216796875,10608.1484375,7973.40966796875,7901.80908203125,12138.564453125,12463.6044921875,10831.060546875,6284.10791015625,8541.2392578125,10327.5478515625,10923.912109375,10851.251953125,11399.0341796875,12493.4970703125
13613.9599609375,12723.19921875,13346.9716796875,13203.408203125,12777.2060546875,13583.359375,14075.6611328125,12271.443359375,13668.5126953125,12144.9931640625,12710.728515625,12620.876953125,13767.7216796875,14465.146484375,10152.05078125,12113.5234375,11158.4521484375,11870.501953125,13572.0712890625,11508.259765625,12922.3388671875,11344.259765625,11438.5146484375,11398.900390625,13174.6796875,14422.8720703125,12868.2939453125,13840.5751953125,11423.9716796875,13590.83984375,12753.7236328125,12272.4501953125,12181.1533203125,11546.841796875,8618.287109375,11153.2041015625,11666.05078125,12256.916015625,11669.5859375,12666.3662109375,11485.6005859375,13826.0625,12064.0517578125,13682.5361328125,9587.529296875,11187.998046875,11886.875,12508.5625,11350.1416015625,11805.9169921875,10463.5029296875,10415.4658203125,10736.1396484375,11049.982421875,11932.8046875,12237.44140625,11390.3935546875,12160.380859375,12919.1708984375,12996.34765625,12286.51171875,9879.5947265625,14981.5595703125,10506.29296875,9874.119140625,11073.890625,11896.71875,12196.4345703125,9434.248046875,13021.2314453125,12441.1142578125,3853.05395507812,12414.26171875,10664.0869140625,10214.4208984375,11202.4248046875,11499.7685546875,13230.884765625,10387.3232421875,12682.57421875,4753.11962890625,12633.4404296875,11081.515625,13126.3330078125,12803.763671875,9925.06640625,11401.09375,12009.7470703125,13630.505859375,12213.7294921875,9692.8828125,12498.9697265625,11395.94140625,10666.73046875,11939.064453125,11796.7236328125,12053.322265625,11601.9404296875,12652.615234375,12015.04296875,12086.875,10675.2509765625,10692.4169921875,12396.9521484375,12788.5341796875,12623.0361328125,11969.2548828125,13025.015625,11354.03515625,8249.33984375,12151.7314453125,13315.0361328125,10039.2841796875,13380.791015625,12586.4677734375,11469.681640625,12882.2392578125,10465.3369140625,11285.55078125,11745.3876953125,9033.943359375,10394.6171875,12709.3359375,13028.966796875,11818.0625,10788.0986328125,10628.154296875,10800.05859375,10507.3720703125,10029.38671875,9056.3720703125,11603.2265625,12060.171875,12190.9931640625,13069.4404296875,12794.4716796875,13271.642578125,10397.91796875,13041.111328125,9127.2138671875,12285.853515625,13400.2265625,8734.70703125,9380.9873046875,13769.0810546875,13113.4033203125,12188.23046875,12245.111328125,10597.5732421875,7935.72021484375,7901.666015625,12132.5556640625,12443.955078125,10851.7529296875,6288.56103515625,8540.666015625,10333.02734375,10926.125,10772.4140625,11420.5712890625,12461.732421875
13650.6328125,12787.3154296875,13327.40234375,13275.2724609375,12816.71875,13579.1982421875,14138.0439453125,12269.6162109375,13610.2109375,12131.65234375,12747.74609375,12677.9716796875,13764.6865234375,14439.33203125,10203.2109375,12124.9111328125,11237.193359375,11885.298828125,13573.1904296875,11549.732421875,12920.2939453125,11365.4833984375,11432.4208984375,11413.046875,13176.8095703125,14397.26171875,12880.0908203125,13806.4130859375,11413.4716796875,13609.025390625,12730.8291015625,12262.7734375,12133.552734375,11509.0595703125,8593.9140625,11112.6845703125,11646.744140625,12283.80859375,11648.6962890625,12652.8515625,11475.0546875,13792.9970703125,12022.2705078125,13687.884765625,9572.529296875,11226.90625,11919.0810546875,12504.2373046875,11337.962890625,11828.2060546875,10482.9921875,10448.4970703125,10739.2890625,11062.7158203125,11890.052734375,12220.5283203125,11367.658203125,12139.935546875,12939.4189453125,12982.712890625,12328.947265625,9878.0029296875,14969.5126953125,10497.3203125,9896.2099609375,11068.4609375,11893.5068359375,12179.181640625,9426.9970703125,13026.08203125,12438.0546875,3858.07495117188,12358.0908203125,10671.01171875,10232.935546875,11189.2001953125,11483.2861328125,13233.0849609375,10413.4658203125,12698.8603515625,4807.60791015625,12624.28515625,11076.2275390625,13094.48046875,12750.353515625,10027.0537109375,11384.9736328125,12030.9267578125,13644.46484375,12218.5458984375,9718.4873046875,12443.4775390625,11383.0234375,10664.03125,11949.546875,11767.3828125,12027.13671875,11612.638671875,12723.48828125,12026.7333984375,12107.6396484375,10674.7705078125,10690.0185546875,12421.7646484375,12837.951171875,12601.1474609375,12020.162109375,13027.6279296875,11343.2529296875,8200.009765625,12144.3984375,13383.1484375,10016.8720703125,13297.23046875,12612.703125,11478.791015625,12934.5595703125,10417.8310546875,11313.529296875,11771.8310546875,9018.5673828125,10447.8671875,12757.7421875,13139.5244140625,11801.830078125,10740.3095703125,10614.4150390625,10835.1123046875,10515.798828125,10035.3193359375,9060.8046875,11628.095703125,12061.857421875,12212.7890625,13051.806640625,12716.9814453125,13346.546875,10365.8193359375,13034.7265625,9153.3837890625,12214.990234375,13399.9443359375,8742.0751953125,9402.4599609375,13734.7216796875,13098.0859375,12247.25,12200.5927734375,10637.048828125,7920.66259765625,7902.7666015625,12153.8984375,12446.1435546875,10850.107421875,6300.1025390625,8530.587890625,10340.654296875,10971.9189453125,10745.7666015625,11424.123046875,12418.55078125
13666.646484375,12869.1396484375,13325.255859375,13312.3330078125,12800.08984375,13537.4248046875,14188.9033203125,12274.1513671875,13512.107421875,12094.9609375,12740.58984375,12673.6064453125,13755.4921875,14405.4541015625,10205.767578125,12105.5693359375,11301.654296875,11901.099609375,13567.5224609375,11547.396484375,12901.1162109375,11384.224609375,11425.8642578125,11397.5693359375,13149.458984375,14390.0654296875,12891.671875,13728.953125,11409.080078125,13633.8701171875,12699.1572265625,12224.14453125,12110.3017578125,11465.388671875,8539.791015625,11105.1728515625,11618.94140625,12314.2802734375,11650.3857421875,12618.6435546875,11498.9833984375,13778.2490234375,11994.974609375,13661.2001953125,9568.0751953125,11272.2666015625,11963.9560546875,12504.1376953125,11324.9111328125,11803.6181640625,10502.8330078125,10512.509765625,10778.4013671875,11072.9501953125,11869.734375,12205.26953125,11336.25390625,12151.7783203125,12974.375,13049.2421875,12333.8564453125,9884.8720703125,14993.66796875,10504.6630859375,9926.8125,11024.6962890625,11876.044921875,12197.8203125,9418.3046875,13023.025390625,12433.3642578125,3852.30322265625,12460.63671875,10680.51171875,10246.7724609375,11190.685546875,11505.2890625,13238.7158203125,10419.7451171875,12681.4091796875,4835.3876953125,12664.08203125,11076.3095703125,13063.7978515625,12713.271484375,10007.1259765625,11410.267578125,12028.6357421875,13639.341796875,12241.3408203125,9708.60546875,12400.2109375,11440.1103515625,10723.7431640625,11992.0615234375,11794.9501953125,12004.3330078125,11574.931640625,12697.08203125,12045.0068359375,12046.810546875,10685.7890625,10667.92578125,12395.517578125,12931.1826171875,12572.0439453125,11972.1787109375,13062.99609375,11327.3115234375,8182.703125,12142.6259765625,13484.9072265625,9985.4296875,13270.1005859375,12680.515625,11486.21484375,13049.5078125,10389.5537109375,11326.9345703125,11794.419921875,8979.732421875,10452.6533203125,12802.5576171875,13273.16015625,11811.322265625,10713.3876953125,10594.4130859375,10838.55078125,10518.2138671875,10029.8798828125,9050.033203125,11689.849609375,12082.677734375,12232.705078125,13017.279296875,12746.9716796875,13387.2802734375,10387.0107421875,13032.580078125,9153.3740234375,12333.8369140625,13341.541015625,8758.5634765625,9369.9296875,13780.5205078125,13112.5400390625,12222.904296875,12258.8935546875,10688.90234375,7936.35693359375,7897.91455078125,12190.3359375,12452.9697265625,10829.7587890625,6316.61328125,8523.720703125,10336.5595703125,11017.009765625,10792.583984375,11393.8388671875,12391.6669921875
13631.16796875,12876.3876953125,13309.828125,13263.40625,12712.458984375,13475.14453125,14165.6123046875,12274.8310546875,13454.9169921875,12053.626953125,12706.0390625,12607.0703125,13730.169921875,14388.3828125,10166.5126953125,12055.2958984375,11270.89453125,11898.2568359375,13558.7578125,11498.5107421875,12865.7998046875,11381.7216796875,11422.728515625,11347.6953125,13093.3935546875,14391.4453125,12901.6943359375,13659.927734375,11406.681640625,13623.4921875,12639.171875,12169.4951171875,12134.6142578125,11426.0546875,8491.7734375,11141.3642578125,11620.185546875,12324.4755859375,11659.1083984375,12585.1376953125,11529.4921875,13790.0625,11977.484375,13620.953125,9589.25,11291.1591796875,11971.0927734375,12508.92578125,11313.4267578125,11725.6337890625,10505.96484375,10544.5185546875,10821.779296875,11085.177734375,11861.509765625,12203.7109375,11323.1279296875,12175.1162109375,12986.783203125,13105.845703125,12306.794921875,9897.5185546875,15008.29296875,10520.8603515625,9940.91796875,10973.1533203125,11850.4306640625,12226.26953125,9416.220703125,13022.470703125,12421.7626953125,3836.2392578125,12630.8916015625,10677.890625,10226.650390625,11205.5654296875,11539.1943359375,13245.62109375,10391.26953125,12635.1171875,4797.07958984375,12714.0283203125,11076.9560546875,13045.5234375,12715.0869140625,9847.849609375,11451.802734375,11979.6474609375,13615.224609375,12273.28515625,9660.712890625,12365.595703125,11520.4033203125,10786.5537109375,12027.310546875,11840.8525390625,11987.5751953125,11513.95703125,12586.923828125,12060.892578125,11955.1640625,10698.037109375,10642.69921875,12331.05078125,12978.322265625,12552.248046875,11857.0615234375,13117.3388671875,11322.625,8210.7431640625,12149.0888671875,13518.845703125,9952.083984375,13329.4453125,12726.1220703125,11461.6943359375,13121.45703125,10391.7001953125,11311.21875,11805.658203125,8943.8505859375,10389.7158203125,12804.5595703125,13322.17578125,11833.8115234375,10718.3486328125,10585.4501953125,10802.6279296875,10507.498046875,10014.9208984375,9021.623046875,11734.9560546875,12100.60546875,12225.796875,12989.6591796875,12844.4248046875,13347.8203125,10429.7607421875,13027.9296875,9119.048828125,12554.6650390625,13265.314453125,8752.716796875,9290.8525390625,13867.416015625,13132.5498046875,12173.02734375,12366.0791015625,10714.6337890625,7958.17578125,7876.18603515625,12226.3251953125,12444.6728515625,10812.4765625,6339.6708984375,8528.0498046875,10325.0029296875,11048.0625,10870.9013671875,11353.6376953125,12403.8173828125
13565.3935546875,12803.9453125,13281.3330078125,13158.9658203125,12609.0595703125,13430.5498046875,14095.9853515625,12275.875,13472.3671875,12036.4677734375,12683.8623046875,12536.119140625,13704.78125,14394.5126953125,10135.9931640625,12010.6533203125,11169.1435546875,11877.1064453125,13564.3828125,11453.2685546875,12843.4931640625,11359.41796875,11431.3837890625,11294.373046875,13041.9873046875,14391.33203125,12911.5546875,13649.4765625,11401.296875,13592.8017578125,12572.111328125,12128.4736328125,12171.4169921875,11390.720703125,8485.0693359375,11174.939453125,11653.9453125,12316.6845703125,11658.3896484375,12582.6357421875,11540.806640625,13826.0234375,11972.84375,13610.2353515625,9636.59765625,11276.326171875,11934.23046875,12527.2763671875,11309.3037109375,11648.7998046875,10500.763671875,10519.3681640625,10842.7431640625,11114.0771484375,11848.673828125,12218.0439453125,11343.998046875,12185.0966796875,12952.865234375,13091.3310546875,12274.94140625,9917.3046875,14995.5361328125,10532.623046875,9925.6123046875,10946.740234375,11840.1318359375,12236.4501953125,9426.8359375,13031.689453125,12415.2666015625,3816.96020507812,12704.4345703125,10663.22265625,10185.8828125,11218.892578125,11544.134765625,13252.5283203125,10343.134765625,12597.783203125,4727.1318359375,12742.947265625,11072.353515625,13049.78515625,12748.216796875,9664.9345703125,11471.8515625,11904.0859375,13591.091796875,12295.697265625,9606.66015625,12342.03125,11553.7734375,10797.814453125,12034.375,11845.5029296875,11971.82421875,11480.373046875,12471.345703125,12073.0556640625,11899.1630859375,10707.578125,10644.8515625,12284.9140625,12942.37890625,12561.4658203125,11767.4189453125,13151.1435546875,11324.5439453125,8254.0498046875,12157.5078125,13442.3154296875,9937.8828125,13404.9140625,12725.6494140625,11409.1669921875,13084.0634765625,10406.9560546875,11279.6328125,11802.25390625,8933.4560546875,10317.724609375,12770.494140625,13260.0283203125,11859.87109375,10735.79296875,10595.26953125,10768.3466796875,10488.0146484375,10000.42578125,8995.3388671875,11735.005859375,12110.5302734375,12189.7841796875,12991.0791015625,12907.0751953125,13262.728515625,10457.134765625,13031.333984375,9080.5263671875,12691.8251953125,13229.2666015625,8724.84765625,9225.994140625,13911.6396484375,13140.9990234375,12175.4013671875,12431.162109375,10707.833984375,7955.26318359375,7842.89892578125,12253.1533203125,12426.35546875,10813.1357421875,6361.06298828125,8536.248046875,10319.54296875,11079.4580078125,10920.8251953125,11345.5126953125,12445.3505859375
13516.443359375,12735.6220703125,13275.1435546875,13091.8994140625,12565.6806640625,13425.947265625,14052.70703125,12285.80859375,13529.8251953125,12058.923828125,12694.767578125,12519.7265625,13704.6640625,14404.0546875,10143.6328125,12016.8046875,11100.7666015625,11849.1396484375,13580.4658203125,11457.4150390625,12853.7041015625,11337.6826171875,11457.3583984375,11276.1787109375,13035.2001953125,14391.0927734375,12917.623046875,13693.8076171875,11393.8701171875,13594.9765625,12547.8037109375,12119.6494140625,12165.9287109375,11371.7783203125,8525.2177734375,11151.62890625,11675.8134765625,12307.169921875,11650.896484375,12613.8330078125,11528.6923828125,13871.5361328125,11990.6953125,13649.48046875,9692.525390625,11240.0244140625,11894.3232421875,12565.091796875,11314.1982421875,11636.3193359375,10506.5888671875,10469.8212890625,10840.5751953125,11153.369140625,11835.9189453125,12239.2763671875,11384.9033203125,12181.2880859375,12893.05859375,13044.1025390625,12257.91796875,9943.150390625,14970.720703125,10533.3681640625,9894.8623046875,10955.34375,11856.564453125,12230.1064453125,9441.8798828125,13039.21484375,12429.5029296875,3806.05297851562,12602.6015625,10654.2314453125,10166.921875,11213.6064453125,11514.8046875,13256.9931640625,10312.6015625,12602.5380859375,4701.27294921875,12749.216796875,11060.3466796875,13071.7109375,12786.5419921875,9599.8134765625,11455.67578125,11859.5927734375,13582.76953125,12294.1640625,9586.4677734375,12350.43359375,11509.0029296875,10761.32421875,12022.7236328125,11801.9189453125,11958.83984375,11499.81640625,12415.5029296875,12085.08203125,11908.1328125,10713.0498046875,10687.404296875,12299.9912109375,12871.6123046875,12601.583984375,11767.98046875,13139.970703125,11318.033203125,8272.6865234375,12157.517578125,13328.056640625,9961.2060546875,13401.5244140625,12687.77734375,11371.5380859375,12985.634765625,10409.6337890625,11264.0615234375,11785.3251953125,8948.5302734375,10316.38671875,12740.4716796875,13144.6435546875,11890.54296875,10739.6220703125,10616.322265625,10778.435546875,10477.849609375,9995.869140625,8998.958984375,11705.0869140625,12125.3115234375,12148.7470703125,13017.3251953125,12873.826171875,13213.5302734375,10465.81640625,13059.2001953125,9077.76171875,12642.796875,13249.2216796875,8716.064453125,9230.8310546875,13865.6494140625,13140.0126953125,12236.5751953125,12412.5234375,10690.5654296875,7926.28271484375,7823.33154296875,12270.7578125,12428.041015625,10828.0712890625,6361.7177734375,8539.0302734375,10327.5908203125,11120.623046875,10925.4267578125,11381.4404296875,12481.7919921875
13504.7734375,12740.7353515625,13307.09375,13120.6318359375,12600.73046875,13446.4765625,14055.8388671875,12298.498046875,13572.6328125,12106.060546875,12722.8720703125,12560.6826171875,13733.4873046875,14393.36328125,10164.8720703125,12078.857421875,11133.7783203125,11821.6796875,13572.0546875,11498.0439453125,12869.5068359375,11334.955078125,11493.3466796875,11301.779296875,13074.9287109375,14394.1298828125,12910.056640625,13736.4169921875,11390.4482421875,13645.4423828125,12585.890625,12132.2001953125,12105.1240234375,11393.5673828125,8580.2626953125,11071.4345703125,11641.09375,12299.677734375,11651.3193359375,12642.4267578125,11503.916015625,13898.8408203125,12021.39453125,13707.302734375,9734.095703125,11198.4248046875,11890.3671875,12604.455078125,11321.294921875,11687.146484375,10523.1123046875,10441.6240234375,10831.57421875,11173.2001953125,11843.064453125,12256.10546875,11408.53515625,12184.5771484375,12852.8935546875,13042.8662109375,12253.568359375,9959.853515625,14954.6640625,10525.5966796875,9876.8447265625,10982.220703125,11875.763671875,12227.947265625,9443.43359375,13022.7236328125,12461.6796875,3811.43041992188,12402.6953125,10666.357421875,10190.71875,11183.82421875,11489.216796875,13257.513671875,10323.2109375,12641.787109375,4758.662109375,12741.5078125,11046.9541015625,13090.6103515625,12805.90625,9681.2353515625,11422.0859375,11883.5654296875,13584.4140625,12274.84375,9614.33203125,12403.703125,11422.41796875,10722.2783203125,12011.4091796875,11762.4853515625,11956.78125,11545.87109375,12421.2451171875,12098.66796875,11960.5595703125,10713.5498046875,10752.2265625,12359.994140625,12837.873046875,12647.5146484375,11841.1962890625,13097.4658203125,11300.8984375,8255.4580078125,12146.74609375,13283.7470703125,10015.33984375,13307.6376953125,12624.6982421875,11392.41796875,12931.783203125,10395.1083984375,11286.7978515625,11760.2333984375,8971.7109375,10396.0361328125,12742.7861328125,13050.5615234375,11927.4140625,10727.5859375,10633.62890625,10828.763671875,10489.416015625,10001.7255859375,9039.22265625,11675.7470703125,12152.9501953125,12131.7236328125,13041.7216796875,12772.8037109375,13243.7744140625,10482.435546875,13111.1787109375,9118.9658203125,12476.818359375,13289.603515625,8764.4736328125,9296.3310546875,13765.4501953125,13136.5615234375,12291.0244140625,12342.23046875,10686.044921875,7903.70556640625,7838.70849609375,12280.5341796875,12471.16796875,10845.7392578125,6333.67626953125,8541.3671875,10346.3984375,11158.4619140625,10916.9345703125,11426.927734375,12489.3447265625
13507.6396484375,12791.62109375,13340.0068359375,13203.953125,12658.455078125,13458.478515625,14051.6083984375,12294.892578125,13580.7099609375,12142.5966796875,12737.1435546875,12607.7861328125,13764.0546875,14363.42578125,10157.4033203125,12145.9560546875,11226.7783203125,11800.03125,13514.669921875,11518.8486328125,12839.8896484375,11351.7216796875,11519.7529296875,11344.939453125,13116.9580078125,14395.3720703125,12883.294921875,13727.4638671875,11394.146484375,13691.6435546875,12645.83203125,12144.001953125,12033.0380859375,11457.14453125,8602.5302734375,10993.9716796875,11560.8544921875,12281.927734375,11662.9833984375,12630.7421875,11478.728515625,13884.4521484375,12032.130859375,13729.59765625,9749.1826171875,11168.0185546875,11918.033203125,12608.5205078125,11323.8642578125,11735.9814453125,10524.140625,10446.5390625,10827.3623046875,11154.5927734375,11873.7548828125,12263.8955078125,11386.302734375,12207.6767578125,12855.3154296875,13105.3701171875,12248.8603515625,9945.7568359375,14955.4248046875,10514.5888671875,9886.58984375,11001.8662109375,11859.3798828125,12236.3388671875,9424.7890625,12976.4404296875,12487.6123046875,3828.8544921875,12252.814453125,10693.2587890625,10231.2734375,11141.22265625,11503.2109375,13254.50390625,10359.4248046875,12674.15625,4860.15673828125,12719.2080078125,11043.0048828125,13090.2314453125,12793.2451171875,9805.5595703125,11401.2421875,11947.384765625,13576.2451171875,12260.5,9668.9423828125,12474.7314453125,11363.306640625,10708.0966796875,12007.7158203125,11773.46875,11965.4853515625,11568.2275390625,12448.2568359375,12110.2998046875,12009.08203125,10711.1005859375,10805.693359375,12404.1279296875,12857.6416015625,12663.6904296875,11916.4296875,13052.76953125,11287.7041015625,8224.8505859375,12133.3671875,13326.0458984375,10066.9658203125,13209.5380859375,12546.771484375,11468.9912109375,12961.529296875,10384.080078125,11337.4599609375,11735.7294921875,8987.8466796875,10480.935546875,12769.5234375,13009.951171875,11961.5693359375,10723.0478515625,10637.2939453125,10875.4287109375,10508.197265625,10008.5029296875,9089.35546875,11658.6005859375,12178.9345703125,12146.6904296875,13044.3681640625,12677.892578125,13315.3359375,10525.12109375,13163.1865234375,9170.2861328125,12339.5625,13309.4453125,8852.623046875,9356.9951171875,13693.96484375,13126.310546875,12277.53515625,12278.3115234375,10699.2763671875,7919.2197265625,7879.28955078125,12278.5390625,12536.2060546875,10860.3623046875,6299.15771484375,8555.6748046875,10368.5810546875,11170.4443359375,10927.189453125,11438.3525390625,12475.3759765625
13495.5908203125,12801.0517578125,13323.0380859375,13246.41796875,12674.330078125,13445.7626953125,13994.021484375,12267.9091796875,13571.0654296875,12142.283203125,12724.3232421875,12611.5810546875,13764.0732421875,14341.7763671875,10115.5,12154.1357421875,11279.0322265625,11798.78515625,13439.6279296875,11486.3173828125,12755.4345703125,11373.0234375,11519.3251953125,11374.279296875,13117.0751953125,14388.7265625,12848.392578125,13677.546875,11400.142578125,13675.8671875,12670.9345703125,12154.716796875,12005.6669921875,11515.9580078125,8566.5087890625,10981.052734375,11499.1630859375,12250.5400390625,11670.9970703125,12588.2548828125,11464.455078125,13836.216796875,12005.1318359375,13697.814453125,9740.1435546875,11165.5849609375,11941.0263671875,12561.5595703125,11327.2958984375,11731.447265625,10489.1220703125,10465.44140625,10825.71484375,11116.294921875,11901.5927734375,12264.638671875,11329.00390625,12235.6318359375,12880.9189453125,13175.5830078125,12238.2666015625,9901.0908203125,14974.1689453125,10504.111328125,9912.244140625,11002.0390625,11803.1279296875,12239.59375,9402.4140625,12926.0888671875,12484.0283203125,3842.6611328125,12231.9169921875,10710.7109375,10246.5810546875,11109.6494140625,11546.3994140625,13246.9482421875,10382.9814453125,12668.7138671875,4924.0224609375,12682.005859375,11053.3583984375,13077.3828125,12745.9560546875,9854.16015625,11406.7744140625,11980.017578125,13550.720703125,12263.7998046875,9714.0654296875,12506.8720703125,11370.0517578125,10703.6513671875,12009.1142578125,11820.01171875,11972.8046875,11546.220703125,12466.5263671875,12113.8662109375,12015.6513671875,10710.1015625,10824.482421875,12386.4267578125,12883.9814453125,12634.6376953125,11940.787109375,13014.40234375,11292.1083984375,8209.8525390625,12124.5791015625,13360.7451171875,10082.73828125,13197.3359375,12477.1875,11545.7265625,13002.1279296875,10396.5048828125,11378.38671875,11721.564453125,8995.4091796875,10489.9248046875,12793.9384765625,13010.857421875,11976.3154296875,10745.7724609375,10628.9794921875,10885.8623046875,10500.9814453125,10005.337890625,9109.8486328125,11643.8095703125,12177.6689453125,12173.322265625,13032.9921875,12636.798828125,13349.4716796875,10576.5107421875,13184.2763671875,9187.4013671875,12292.7412109375,13305.1123046875,8909.0537109375,9358.8974609375,13702.4267578125,13099.7939453125,12198.7890625,12250.974609375,10719.0205078125,7967.20068359375,7909.03955078125,12259.158203125,12571.6318359375,10870.8115234375,6295.06396484375,8580.265625,10385.5859375,11146.220703125,10949.0009765625,11410.994140625,12460.9013671875
13475.3984375,12731.73046875,13255.5791015625,13205.0478515625,12646.7197265625,13424.939453125,13921.3193359375,12239.490234375,13560.1513671875,12108.3759765625,12698.626953125,12571.9296875,13731.6376953125,14354.2763671875,10074.375,12089.9658203125,11239.5146484375,11834.9814453125,13417.7998046875,11427.595703125,12676.9599609375,11381.3623046875,11493.119140625,11381.494140625,13082.44921875,14380.1923828125,12830.166015625,13644.2958984375,11400.9287109375,13614.07421875,12656.30859375,12186.58203125,12037.6494140625,11506.7001953125,8493.23828125,11038.7275390625,11510.0126953125,12227.9765625,11662.505859375,12569.560546875,11473.087890625,13793.9091796875,11971.513671875,13648.435546875,9714.3359375,11195.8359375,11935.1318359375,12500.0361328125,11345.8046875,11696.5576171875,10436.5205078125,10481.4912109375,10818.4033203125,11095.28515625,11895.8359375,12259.869140625,11282.7890625,12240.4931640625,12897.244140625,13201.8515625,12228.220703125,9862.3203125,15012.4833984375,10498.1328125,9928.4150390625,10991.5078125,11753.5634765625,12226.7001953125,9400.6015625,12908.9404296875,12453.0087890625,3837.6640625,12301.779296875,10699.7177734375,10227.48046875,11108.7216796875,11572.8291015625,13230.654296875,10374.439453125,12637.794921875,4900.35546875,12645.462890625,11070.5087890625,13073.4609375,12675.0654296875,9813.8681640625,11429.5419921875,11939.953125,13526.9677734375,12268.240234375,9727.2138671875,12466.4375,11421.0361328125,10686.591796875,12016.3720703125,11846.7568359375,11972.2529296875,11508.5146484375,12475.8984375,12105.5361328125,11972.8388671875,10710.6162109375,10806.23828125,12319.1796875,12869.7109375,12581.7763671875,11915.3525390625,12970.7958984375,11312.6318359375,8219.1220703125,12117.3994140625,13297.7880859375,10059.35546875,13272.5908203125,12451.498046875,11560.9560546875,12956.5400390625,10426.90234375,11377.1328125,11724.673828125,9000.8271484375,10422.826171875,12800.1943359375,13030.9404296875,11960.908203125,10786.05859375,10618.5673828125,10870.8203125,10452.9208984375,9991.4501953125,9083.8359375,11623.7421875,12142.5634765625,12181.208984375,13031.4970703125,12647.2080078125,13303.662109375,10598.6904296875,13159.908203125,9156.2958984375,12276.5986328125,13302.3603515625,8873.357421875,9312.865234375,13773.0625,13061.8876953125,12108.3447265625,12256.6953125,10730.3984375,8007.46875,7901.98779296875,12226.9189453125,12541.783203125,10872.1728515625,6332.24853515625,8595.3876953125,10388.462890625,11095.1689453125,10954.7890625,11381.2890625,12451.5546875
13485.8720703125,12644.685546875,13192.5595703125,13135.1376953125,12632.0546875,13427.255859375,13924.154296875,12243.578125,13542.4033203125,12067.5361328125,12682.8935546875,12530.1015625,13701.7294921875,14397.6220703125,10065.75390625,12008.1044921875,11151.5390625,11901.8662109375,13486.6328125,11398.1201171875,12681.4609375,11367.5341796875,11461.6845703125,11379.5244140625,13066.8212890625,14382.279296875,12846.001953125,13666.34375,11395.9931640625,13584.6015625,12654.1357421875,12244.9267578125,12095.8984375,11414.3330078125,8436.8515625,11116.955078125,11581.5712890625,12241.3310546875,11647.017578125,12614.6650390625,11508.0234375,13789.9609375,11985.9521484375,13629.5810546875,9675.5732421875,11237.884765625,11911.267578125,12486.208984375,11383.1123046875,11694.5966796875,10414.345703125,10492.3740234375,10801.6767578125,11102.3984375,11859.1220703125,12246.921875,11287.7021484375,12213.4130859375,12897.5966796875,13191.8017578125,12226.2822265625,9872.8798828125,15064.3779296875,10501.4716796875,9921.6533203125,10988.2939453125,11764.2646484375,12211.232421875,9423.7216796875,12936.3310546875,12421.95703125,3812.79370117188,12380.845703125,10663.400390625,10205.1484375,11136.7939453125,11553.32421875,13204.2060546875,10352.3193359375,12621.5205078125,4811.34765625,12628.5859375,11081.6435546875,13086.4267578125,12611.869140625,9769.5859375,11451.9248046875,11857.3740234375,13535.7939453125,12245.8046875,9711.5400390625,12382.423828125,11466.22265625,10668.4111328125,12033.5009765625,11824.3681640625,11978.48828125,11497.8837890625,12482.8203125,12086.5927734375,11905.533203125,10704.5283203125,10761.3466796875,12259.8564453125,12823.431640625,12548.39453125,11872.458984375,12926.236328125,11337.16796875,8238.6953125,12106.2568359375,13166.982421875,10026.0830078125,13358.6142578125,12490.9267578125,11503.333984375,12823.2216796875,10450.65625,11336.9013671875,11745.1865234375,9007.072265625,10354.3984375,12790.2978515625,13059.865234375,11920.9189453125,10812.2890625,10615.0439453125,10861.84375,10392.32421875,9979.248046875,9032.0654296875,11608.08984375,12099.7236328125,12158.4287109375,13050.3515625,12686.3466796875,13205.5146484375,10571.55078125,13100.2568359375,9103.306640625,12225.740234375,13315.7109375,8761.7578125,9276.1845703125,13852.21875,13035.1435546875,12057.4873046875,12284.93359375,10724.759765625,8005.93896484375,7870.61083984375,12201.435546875,12464.984375,10858.0595703125,6377.19677734375,8586.8671875,10373.6572265625,11040.7265625,10940.0244140625,11382.2685546875,12436.4326171875
13549.0361328125,12631.060546875,13184.2099609375,13123.5302734375,12672.5908203125,13468.2529296875,14038.45703125,12288.7841796875,13509.982421875,12047.224609375,12685.314453125,12521.5361328125,13712.90625,14443.1064453125,10085.8203125,11980.2626953125,11095.060546875,11958.3505859375,13601.5849609375,11421.9404296875,12779.0185546875,11336.4013671875,11449.240234375,11380.64453125,13110.3544921875,14393.58203125,12886.1201171875,13721.0849609375,11393.4853515625,13632.62109375,12705.4609375,12288.96484375,12138.5322265625,11299.953125,8439.5263671875,11160.38671875,11647.8203125,12284.357421875,11647.5927734375,12697.07421875,11550.958984375,13810.5654296875,12060.4638671875,13646.4521484375,9627.0771484375,11257.2529296875,11896.228515625,12541.013671875,11420.4736328125,11742.880859375,10451.076171875,10494.3095703125,10778.3623046875,11109.9873046875,11831.0361328125,12224.607421875,11337.263671875,12176.7734375,12900.9912109375,13176.2939453125,12230.9775390625,9932.7724609375,15108.6005859375,10513.794921875,9901.595703125,10999.9345703125,11834.833984375,12212.51171875,9449.25,12979.2626953125,12418.7001953125,3783.9580078125,12436.5888671875,10621.28515625,10210.6796875,11169.5986328125,11507.3046875,13176.984375,10347.625,12641.8564453125,4725.01220703125,12626.94140625,11081.9345703125,13097.9853515625,12600.2421875,9789.587890625,11462.375,11801.205078125,13589.93359375,12196.423828125,9686.7099609375,12324.9970703125,11480.0869140625,10682.2734375,12054.7998046875,11779.92578125,12014.6220703125,11522.44921875,12479.4296875,12063.3828125,11856.66796875,10683.7109375,10702.763671875,12259.388671875,12796.9189453125,12563.099609375,11835.9501953125,12916.7412109375,11354.9013671875,8249.466796875,12096.9599609375,13093.728515625,10016.4453125,13389.6796875,12577.6689453125,11421.9130859375,12710.3017578125,10452.283203125,11293.9462890625,11774.3037109375,9010.7490234375,10347.6142578125,12770.3056640625,13095.7431640625,11875.9189453125,10802.359375,10619.1220703125,10867.69140625,10368.0439453125,9984.2021484375,8993.2490234375,11612.7529296875,12085.89453125,12125.2265625,13073.5185546875,12740.822265625,13120.197265625,10511.16796875,13029.8349609375,9068.0283203125,12177.65625,13329.4267578125,8660.7568359375,9287.4775390625,13903.7744140625,13037.6484375,12062.498046875,12329.560546875,10703.9951171875,7969.33544921875,7851.990234375,12204.6025390625,12398.634765625,10833.025390625,6384.60009765625,8567.1328125,10351.060546875,11010.4609375,10927.548828125,11406.3603515625,12413.8359375
13632.6982421875,12711.662109375,13226.796875,13188.017578125,12744.6962890625,13532.5576171875,14191.1455078125,12342.5556640625,13479.3623046875,12058.7998046875,12695.2451171875,12543.7900390625,13765.4150390625,14466.4970703125,10111.78125,12026.7373046875,11104.375,11959.86328125,13674.7060546875,11473.9443359375,12896.7734375,11307.47265625,11464.8251953125,11383.689453125,13190.7470703125,14394.7998046875,12919.1083984375,13754.4609375,11400.8095703125,13708.59765625,12782.65234375,12260.7470703125,12151.033203125,11252.2236328125,8493.8154296875,11154.650390625,11653.595703125,12313.951171875,11671.6640625,12744.0322265625,11568.4501953125,13808.57421875,12137.8505859375,13660.60546875,9579.9619140625,11240.947265625,11900.91796875,12611.8583984375,11430.6416015625,11785.0556640625,10520.2626953125,10476.3740234375,10754.607421875,11089.6533203125,11848.302734375,12201.3974609375,11382.9140625,12162.23828125,12917.6123046875,13148.79296875,12234.001953125,9985.994140625,15121.8828125,10524.0087890625,9887.9716796875,11014.896484375,11903.40234375,12222.693359375,9452.123046875,12995.1796875,12447.0029296875,3772.68579101562,12492.9609375,10590.822265625,10238.736328125,11180.5498046875,11478.5078125,13166.1171875,10365.125,12678.439453125,4694.97802734375,12616.0048828125,11077.875,13084.1806640625,12665.7392578125,9844.2275390625,11458.4609375,11809.6015625,13669.1455078125,12159.9873046875,9672.462890625,12339.837890625,11478.02734375,10733.2080078125,12062.1279296875,11759.1005859375,12081.71875,11549.1298828125,12456.7783203125,12045.5546875,11861.90234375,10653.9755859375,10646.3564453125,12323.1669921875,12824.908203125,12613.25,11810.748046875,12970.93359375,11359.6533203125,8244.099609375,12104.087890625,13156.701171875,10037.8203125,13370.8662109375,12662.576171875,11379.7998046875,12726.7001953125,10440.4033203125,11282.23828125,11796.166015625,9008.615234375,10390.244140625,12742.6279296875,13134.8984375,11846.583984375,10763.3408203125,10623.658203125,10865.9140625,10398.3291015625,10009.7353515625,8990.267578125,11639.6279296875,12111.7587890625,12118.15625,13075.833984375,12802.5498046875,13095.0732421875,10450.998046875,12971.3359375,9068.677734375,12227.3125,13321.220703125,8647.8037109375,9328.7421875,13923.396484375,13060.6796875,12108.0498046875,12374.568359375,10680.1904296875,7936.29052734375,7865.7802734375,12239.1513671875,12383.8115234375,10814.5654296875,6348.64208984375,8562.30859375,10339.7958984375,11021.2431640625,10927.1533203125,11418.0166015625,12404.162109375
13670.50390625,12820.0166015625,13281.158203125,13257.689453125,12786.8642578125,13583.0361328125,14264.7001953125,12358.5048828125,13482,12095.5537109375,12697.9658203125,12569.3076171875,13814.8486328125,14469.3125,10135.0966796875,12101.7841796875,11150.0390625,11904.1875,13663.2880859375,11515.16796875,12952.6123046875,11304.7109375,11496.26171875,11381.130859375,13241.7744140625,14373.876953125,12921.0966796875,13744.7666015625,11415.3232421875,13722.80859375,12817.0380859375,12150.1845703125,12144.9814453125,11306.46484375,8550.1943359375,11127.240234375,11603.6015625,12294.8671875,11698.8974609375,12712.0087890625,11541.8896484375,13761.1416015625,12146.7578125,13641.4599609375,9552.7373046875,11214.9189453125,11913.2060546875,12621.625,11404.9091796875,11760.38671875,10561.9091796875,10442.5654296875,10737.74609375,11052.7314453125,11903.28125,12193.099609375,11382.986328125,12179.357421875,12929.1376953125,13077.4541015625,12229.7666015625,9971.2822265625,15102.1923828125,10516.6552734375,9889.404296875,11014.6953125,11906.9658203125,12209.3974609375,9432.80859375,12969.3564453125,12485.2607421875,3789.45922851562,12565.3212890625,10577.10546875,10258.6904296875,11165.9765625,11486.23828125,13180.3046875,10378.7607421875,12692.4560546875,4723.01171875,12589.6044921875,11076.5400390625,13046.126953125,12783.5966796875,9850.0947265625,11444.0068359375,11859.66015625,13732.9892578125,12177.3056640625,9678.556640625,12406.2978515625,11485.0390625,10779.494140625,12042.8642578125,11771.9638671875,12148.0751953125,11544.9169921875,12428.9111328125,12042.3935546875,11923.9560546875,10637.1064453125,10613.8994140625,12414.9609375,12887.275390625,12653.763671875,11799.12890625,13058.12109375,11347.5751953125,8230.4638671875,12130.3232421875,13291.5830078125,10068.4560546875,13350.34375,12700.533203125,11398.97265625,12870.0869140625,10433.16796875,11300.431640625,11795.0283203125,9003.3671875,10423.380859375,12713.66015625,13170.7939453125,11840.6591796875,10720.7939453125,10621.6455078125,10837.099609375,10448.1796875,10041.9638671875,9014.3623046875,11673.1748046875,12150.52734375,12155.9169921875,13049.6142578125,12852.6240234375,13132.8544921875,10411.30859375,12936.7373046875,9092.4130859375,12384.400390625,13294.5546875,8716.95703125,9352.603515625,13915.158203125,13075.0693359375,12162.1064453125,12389.2412109375,10667.9521484375,7935.515625,7892.4794921875,12281.2470703125,12407.0791015625,10815.220703125,6312.65087890625,8578.0888671875,10348.470703125,11060.765625,10911.8544921875,11397.0830078125,12426.8701171875
13623.583984375,12878.35546875,13323.9765625,13253.017578125,12769.4716796875,13585.9140625,14207.916015625,12321.3095703125,13526.9091796875,12138.7421875,12690.1279296875,12580.2275390625,13812.375,14468.1943359375,10162.6279296875,12145.599609375,11185.9853515625,11838.033203125,13609.013671875,11530.2021484375,12936.283203125,11335.40625,11520.455078125,11370.9306640625,13219.662109375,14348.9716796875,12898.3583984375,13722.966796875,11426.7353515625,13653.1376953125,12780.0498046875,12021.8515625,12133.0380859375,11414.05859375,8565.220703125,11112.8076171875,11548.7587890625,12243.099609375,11703.5419921875,12633.4560546875,11490.2958984375,13704.451171875,12080.2822265625,13604.4169921875,9557.990234375,11215.7119140625,11916.158203125,12551.3974609375,11362.046875,11684.88671875,10540.818359375,10426.0439453125,10734.865234375,11039.9931640625,11947.6884765625,12207.80078125,11345.92578125,12208.259765625,12912.1572265625,12974.4921875,12220.0986328125,9888.0322265625,15070.8408203125,10488.548828125,9897.0654296875,10995.69140625,11846.341796875,12158.25,9415.3876953125,12927.89453125,12506.3828125,3825.11059570312,12618.4599609375,10577.3671875,10254.96875,11148.4755859375,11509.0205078125,13207.3232421875,10366.4033203125,12669.2626953125,4770.36572265625,12580.298828125,11075.380859375,13013.220703125,12882.4912109375,9779.3759765625,11427.6640625,11902.5458984375,13747.859375,12239.12890625,9703.0908203125,12463.3203125,11500.205078125,10774.9453125,12008.173828125,11788.5595703125,12175.130859375,11516.408203125,12426.802734375,12056.888671875,12005.1337890625,10653.330078125,10624.0185546875,12489.2880859375,12930.7373046875,12646.2138671875,11809.0048828125,13098.033203125,11320.7734375,8222.9404296875,12154.9248046875,13356.2197265625,10081.6416015625,13354.7490234375,12680.94140625,11450.4765625,13030.96875,10435.8056640625,11316.056640625,11765.7470703125,9001.791015625,10416.826171875,12698.171875,13196.759765625,11847.568359375,10694.9873046875,10614.58203125,10794.248046875,10464.1064453125,10060.609375,9038.3515625,11696.091796875,12165.6484375,12218.0361328125,13011.556640625,12868.1435546875,13202.5224609375,10390.9736328125,12928.2646484375,9114.349609375,12524.287109375,13277.5478515625,8786.8125,9337.86328125,13877.05078125,13061.2734375,12188.00390625,12355.5263671875,10671.2001953125,7957.4111328125,7897.568359375,12298.5009765625,12419.84765625,10825.12890625,6321.6123046875,8589.2314453125,10361.529296875,11085.2451171875,10853.609375,11359.8515625,12469.3984375
13521.7626953125,12870.0830078125,13358.9873046875,13172.23046875,12722.6787109375,13536.4306640625,14073.5966796875,12262.279296875,13583.4482421875,12164.6240234375,12681.142578125,12583.591796875,13754.1806640625,14467.6591796875,10189.9794921875,12143.4404296875,11194.2822265625,11810.630859375,13583.0185546875,11525.33984375,12906.2470703125,11376.1376953125,11520.1904296875,11357.4072265625,13144.900390625,14352.9794921875,12877.2216796875,13727.310546875,11428.2138671875,13572.962890625,12717.4658203125,11965.330078125,12115.7578125,11491.9453125,8542.7626953125,11121.4697265625,11532.228515625,12211.9150390625,11684.4560546875,12581.3505859375,11455.3193359375,13698.0458984375,12005.1943359375,13589.2001953125,9589.5263671875,11245.060546875,11904.275390625,12463.5908203125,11328.8828125,11640.8212890625,10479.4091796875,10459.970703125,10748.7412109375,11070.7685546875,11940.2353515625,12233.1962890625,11319.884765625,12221.423828125,12873.8701171875,12913.9755859375,12210.4052734375,9803.349609375,15047.537109375,10457.4150390625,9898.2890625,10977.12890625,11784.435546875,12101.99609375,9417.6318359375,12909.912109375,12498.283203125,3857.10571289062,12601.390625,10588.3701171875,10243.54296875,11151.908203125,11514.7998046875,13222.9404296875,10340.0654296875,12630.8486328125,4798.1083984375,12622.0595703125,11066.9404296875,13013.2685546875,12893.603515625,9700.8681640625,11419.986328125,11916.626953125,13706.4443359375,12285.4892578125,9734.7314453125,12472.9814453125,11499.6884765625,10721.775390625,11986.27734375,11783.828125,12152.6962890625,11501.7080078125,12463.66015625,12080.845703125,12050.267578125,10699.3173828125,10673.8017578125,12518.421875,12920.490234375,12594.5712890625,11840.5439453125,13039.955078125,11293.447265625,8229.4638671875,12152.2939453125,13286.169921875,10069.9951171875,13368.9228515625,12628.59375,11493.4755859375,13101.14453125,10439.3818359375,11303.5654296875,11720.9560546875,9008.1572265625,10396.0654296875,12706.638671875,13204.1748046875,11847.0126953125,10691.1064453125,10612.1865234375,10768.927734375,10429.662109375,10056.103515625,9041.5380859375,11703.8876953125,12148.5087890625,12259.3193359375,12986.5546875,12846.17578125,13264.4140625,10384.23828125,12944.0322265625,9121.5693359375,12512.7470703125,13291.0341796875,8783.53515625,9309.365234375,13816.2060546875,13028.794921875,12163.1806640625,12298.197265625,10677.2822265625,7968.75390625,7872.65380859375,12278.2548828125,12393.330078125,10821.3740234375,6370.134765625,8570.8359375,10354.5458984375,11052.375,10776.6875,11337.1318359375,12492.046875
13440.91796875,12832.130859375,13380.0712890625,13090.025390625,12695.333984375,13467.671875,13955.8203125,12228.9609375,13609.17578125,12154.0107421875,12681.8642578125,12595.0498046875,13689.2666015625,14451.6328125,10194.4111328125,12127.9384765625,11184.0517578125,11825.2470703125,13602.5185546875,11504.404296875,12910.1142578125,11387.5302734375,11494.4443359375,11344.240234375,13077.1669921875,14392.5283203125,12872.0283203125,13751.8876953125,11422.1103515625,13563.3603515625,12694.0595703125,12017.216796875,12091.5029296875,11497.96875,8526.1865234375,11134.9052734375,11554.0986328125,12231.361328125,11665.3310546875,12592.4658203125,11460.349609375,13756.3818359375,11988.9638671875,13608.50390625,9625.42578125,11264.2431640625,11882.4345703125,12436.53125,11316.3564453125,11682.572265625,10430.939453125,10531.4990234375,10773.98828125,11115.1025390625,11888.5634765625,12244.224609375,11338.4775390625,12209.0068359375,12850.4296875,12952.9033203125,12204.169921875,9786.75,15030.220703125,10448.3974609375,9892.8076171875,10983.8486328125,11779.8251953125,12092.4931640625,9429.3642578125,12929.5400390625,12469.2783203125,3865.962890625,12511.560546875,10605.7666015625,10246.0830078125,11174.16015625,11497.6123046875,13215.625,10333.08203125,12607.3154296875,4797.92138671875,12695.015625,11052.4169921875,13043.2841796875,12807.359375,9705.673828125,11425.3251953125,11918.3369140625,13630.16796875,12264.994140625,9757.064453125,12451.34765625,11470.0966796875,10668.4091796875,11995.3837890625,11771.1015625,12104.7265625,11525.5166015625,12515.4931640625,12097.576171875,12027.7607421875,10745.48828125,10732.77734375,12498.0859375,12867.5166015625,12544.546875,11874.1533203125,12927.0166015625,11284.9580078125,8243.119140625,12122.8349609375,13163.00390625,10047.1123046875,13369.9267578125,12579.34765625,11516.20703125,13066.43359375,10439.041015625,11275.6064453125,11686.9638671875,9019.7060546875,10395.505859375,12730.958984375,13182.1982421875,11827.291015625,10706.8466796875,10622.1455078125,10773.564453125,10380.9033203125,10036.4091796875,9022.4658203125,11703.1171875,12126.2861328125,12249.5576171875,12989.6005859375,12808.8349609375,13289.916015625,10395.220703125,12982.50390625,9118.6591796875,12362.1796875,13325.861328125,8713.2021484375,9304.3955078125,13762.740234375,13002.9033203125,12102.59375,12272.7001953125,10669.5146484375,7951.10595703125,7844.64794921875,12238.6689453125,12349.9169921875,10798.30078125,6406.8544921875,8534.4814453125,10327.77734375,10969.8623046875,10751.3828125,11341.9921875,12469.0625
13436.6220703125,12796.412109375,13351.9306640625,13077.1240234375,12700.5078125,13430.4462890625,13908.09375,12240.5380859375,13591.046875,12104.6796875,12693.0224609375,12616.171875,13674.3017578125,14406.1708984375,10165.1611328125,12128.5654296875,11166.6689453125,11845.4052734375,13617.45703125,11463.8896484375,12926.0986328125,11351.908203125,11456.19140625,11331.7275390625,13055.580078125,14434.685546875,12869.3544921875,13754.875,11413.5361328125,13618.2099609375,12718.0546875,12135.7900390625,12068.2431640625,11456.6796875,8551.0751953125,11125.998046875,11583.8935546875,12272.73828125,11665.6162109375,12635.890625,11489.4130859375,13830.38671875,12030.1796875,13633.0986328125,9645.8994140625,11239.90234375,11858.4296875,12483.5029296875,11317.9560546875,11770.5,10425.580078125,10582.115234375,10799.541015625,11125.7666015625,11841.193359375,12228.294921875,11382.873046875,12183.2861328125,12865.43359375,13049.9072265625,12202.2568359375,9840.76171875,15007.435546875,10468.8544921875,9892.60546875,11019.4931640625,11828.4482421875,12142.5595703125,9425.9365234375,12966.8935546875,12439.3828125,3849.38647460938,12408.1298828125,10620.2001953125,10259.177734375,11189.2578125,11479.0625,13199.8984375,10359.193359375,12604.8466796875,4791.00439453125,12730.1123046875,11044.1953125,13073.8779296875,12684.6064453125,9806.9853515625,11435.9755859375,11927.48046875,13557.8779296875,12192.3828125,9756.0947265625,12436.603515625,11428.26171875,10655.7734375,12027.02734375,11782.0576171875,12062.2646484375,11570.341796875,12544.201171875,12093.7177734375,11955.2939453125,10758.7265625,10763.0771484375,12440.9873046875,12811.3466796875,12545.1591796875,11883.037109375,12863.0595703125,11299.8828125,8245.8095703125,12097.22265625,13117.33203125,10030.0087890625,13357.416015625,12554.3388671875,11536.66796875,12993.9150390625,10443.8203125,11272.765625,11687.1279296875,9027.630859375,10407.2109375,12751.595703125,13127.6103515625,11798.3720703125,10739.134765625,10639.63671875,10789.41015625,10367.26953125,10017.7109375,8993.0087890625,11699.966796875,12133.2978515625,12200.7529296875,13022.2373046875,12778.40234375,13272.837890625,10430.3828125,13042.3759765625,9114.552734375,12226.0390625,13355.150390625,8649.9638671875,9328.6630859375,13749.927734375,12995.9560546875,12057.98828125,12313.609375,10648.1708984375,7919.09716796875,7843.23583984375,12211.8525390625,12339.654296875,10781.6806640625,6391.53515625,8520.6904296875,10317.8369140625,10905.6630859375,10820.3291015625,11366.103515625,12417.74609375
13497.0126953125,12762.033203125,13250.6396484375,13131.9345703125,12710.833984375,13452.4013671875,13924.2470703125,12274.2998046875,13551.9970703125,12036.8408203125,12703.8076171875,12632.8623046875,13719.1279296875,14346.5966796875,10129.529296875,12132.5068359375,11147.2314453125,11846.7529296875,13580.185546875,11412.169921875,12895.08984375,11295.7568359375,11421.6533203125,11320.6005859375,13068.8564453125,14445.1640625,12848.8046875,13715.6962890625,11401.53515625,13658.783203125,12738.482421875,12248.912109375,12057.970703125,11420.72265625,8609.3896484375,11083.244140625,11596.5703125,12283.89453125,11679.9560546875,12656.7998046875,11510.474609375,13864.30078125,12071.4921875,13630.5673828125,9648.4853515625,11186.9814453125,11842.29296875,12546.3447265625,11326.001953125,11812.22265625,10448.5380859375,10567.2119140625,10816.302734375,11092.4091796875,11838.5087890625,12202.3017578125,11403.6953125,12163.83203125,12899.083984375,13096.4384765625,12204.9658203125,9902.2216796875,14986.1904296875,10498.865234375,9906.037109375,11059.5283203125,11874.435546875,12207.08203125,9400.6845703125,12993.5517578125,12427.3720703125,3823.21459960938,12360.1396484375,10621.4189453125,10260.1416015625,11177.9111328125,11479.078125,13200.2265625,10393.810546875,12607.654296875,4802.134765625,12683.412109375,11051.06640625,13080.916015625,12607.837890625,9928.228515625,11439.41796875,11937.3779296875,13526.4755859375,12138.689453125,9728.7314453125,12437.9140625,11404.0615234375,10678.76171875,12058.2626953125,11820.5390625,12036.5986328125,11596.3837890625,12536.994140625,12071.4033203125,11885.669921875,10730.2578125,10750.3466796875,12370.751953125,12783.8671875,12606.1572265625,11859.3603515625,12907.1650390625,11318.9345703125,8224.3310546875,12104.40234375,13179.78515625,10023.6103515625,13342.5146484375,12552.63671875,11570.884765625,12946.2294921875,10463.5087890625,11321.099609375,11723.22265625,9022.71484375,10393.701171875,12760.7763671875,13056.56640625,11785.0986328125,10779.9384765625,10649.0341796875,10793.9384765625,10404.1884765625,10009.62890625,8965.9560546875,11694.982421875,12177.9169921875,12154.373046875,13077.591796875,12755.3154296875,13231.7587890625,10481.072265625,13117.927734375,9109.6806640625,12230.3408203125,13363.8447265625,8656.69921875,9351.7734375,13779.37890625,12998.384765625,12076.75390625,12398.61328125,10634.6533203125,7900.68896484375,7867.259765625,12216.3525390625,12389.9033203125,10803.490234375,6339.30029296875,8551.48828125,10365.0625,10933.1689453125,10940.994140625,11400.4462890625,12379.2890625
13558.388671875,12722.791015625,13115.6298828125,13191.5224609375,12699.0947265625,13510.3955078125,13975.822265625,12293.7470703125,13519.2109375,11981.900390625,12701.4462890625,12633.6630859375,13778.5908203125,14313.65625,10130.61328125,12104.345703125,11133.8984375,11847.939453125,13510.8623046875,11377.478515625,12802.455078125,11267.4541015625,11400.32421875,11314.4375,13079.2021484375,14433.408203125,12815.5166015625,13667.7412109375,11381.3935546875,13635.814453125,12715.14453125,12316.04296875,12062.583984375,11419.9228515625,8660.263671875,11023.2734375,11591.1123046875,12254.9033203125,11691.39453125,12637.728515625,11513.986328125,13859.5107421875,12071.814453125,13605.86328125,9645.8046875,11154.083984375,11846.5400390625,12564.71875,11339.00390625,11763.2138671875,10467.7177734375,10508.5908203125,10821.2578125,11051.9765625,11874.3720703125,12198.8701171875,11378.2880859375,12162.4228515625,12908.2236328125,13036.8408203125,12211.9599609375,9910.443359375,14993.4638671875,10510.3359375,9925.5078125,11074.2548828125,11873.0146484375,12229.46875,9376.5234375,13001.748046875,12440.4248046875,3808.15698242188,12389.89453125,10609.3623046875,10240.2626953125,11151.0947265625,11493.85546875,13221.2392578125,10400.9375,12606.1220703125,4834.17822265625,12594.640625,11064.5048828125,13068.568359375,12615.552734375,9986.08984375,11433.921875,11927.939453125,13549.04296875,12161.0849609375,9685.6767578125,12428.419921875,11409.607421875,10705.7373046875,12076.005859375,11850.5615234375,12019.2734375,11585.517578125,12516.029296875,12047.9560546875,11863.7705078125,10682.185546875,10713.9453125,12315.685546875,12789.0234375,12689.5810546875,11823.2314453125,13011.23828125,11317.89453125,8186.318359375,12139.5556640625,13252.7265625,10021.3125,13323.982421875,12564.0361328125,11610.609375,12926.271484375,10491.4609375,11401.84765625,11771.1171875,9002.7109375,10344.3935546875,12771.1240234375,13000.3984375,11803.462890625,10813.0537109375,10638.5244140625,10789.3154296875,10466.8115234375,10009.6748046875,8949.2587890625,11688.0888671875,12237.859375,12141.6064453125,13140.6181640625,12729.5439453125,13198.2392578125,10522.3701171875,13194.369140625,9098.3671875,12340.3876953125,13360.466796875,8724.087890625,9343.439453125,13818.2109375,12998.5927734375,12154.380859375,12469.5986328125,10649.3828125,7905.6552734375,7890.27294921875,12245.0185546875,12480.3798828125,10862.0966796875,6301.78662109375,8599.5341796875,10465.9716796875,11058.1220703125,11020.0927734375,11444.501953125,12374.599609375
13566.28125,12696.171875,13033.6611328125,13198.7734375,12667.509765625,13548.23046875,14043.123046875,12285.3876953125,13497.1318359375,11961.5380859375,12683.6640625,12624.4033203125,13799.2451171875,14337.15625,10176.8779296875,12039.298828125,11137.998046875,11880.1435546875,13477.8359375,11384.3388671875,12709.3515625,11289.2958984375,11393.107421875,11317.2099609375,13064.8583984375,14443.3916015625,12801.7646484375,13663.5107421875,11356.65625,13588.3076171875,12670.0791015625,12340.09765625,12073.1025390625,11449.8671875,8669.9638671875,10982.52734375,11580.177734375,12232.763671875,11697.7265625,12606.609375,11518.3466796875,13865.9384765625,12046.27734375,13591.962890625,9650.021484375,11167.5595703125,11876.2998046875,12536.353515625,11350.958984375,11671.09765625,10471.638671875,10472.62109375,10814.05859375,11043.6044921875,11906.720703125,12231.6279296875,11337.2685546875,12179.3271484375,12875.3203125,12933.3408203125,12220.484375,9865.564453125,15042.2470703125,10495.5185546875,9933.8212890625,11058.4638671875,11833.9736328125,12200.9921875,9381.201171875,13006.3515625,12469.3974609375,3812.71166992188,12467.6435546875,10598.0849609375,10219.359375,11138.1640625,11503.6474609375,13239.2578125,10373.619140625,12611.0390625,4865.02978515625,12551.259765625,11066.578125,13060.3935546875,12679.51953125,9968.7001953125,11432.5615234375,11901.7470703125,13601.904296875,12246.52734375,9645.3955078125,12389.0654296875,11431.4921875,10722.6865234375,12084.0771484375,11836.21875,11999.890625,11558.6064453125,12510.470703125,12040.8232421875,11893.5205078125,10646.984375,10685.0888671875,12296.5595703125,12809.0634765625,12742.4365234375,11804.126953125,13074.61328125,11295.978515625,8158.27294921875,12171.2490234375,13233.4404296875,10016.2919921875,13294.7529296875,12586.1728515625,11633.9560546875,12903.9921875,10508.9931640625,11465.0126953125,11797.8759765625,8976.775390625,10297.361328125,12795.8359375,12983.7412109375,11842.8388671875,10824.6357421875,10613.70703125,10793.982421875,10521.439453125,10010.0888671875,8947.4912109375,11683.56640625,12282.771484375,12157.8203125,13185.5966796875,12708.0185546875,13194.7216796875,10533.5341796875,13250.0498046875,9081.31640625,12417.6162109375,13361.56640625,8788.77734375,9307.216796875,13836.8173828125,13004.0009765625,12234.865234375,12487.3125,10686.7529296875,7918.8896484375,7895.578125,12276.25390625,12563.013671875,10915.7890625,6309.0419921875,8614.8447265625,10564.55859375,11206.83984375,11008.65234375,11489.7431640625,12389.6875
13522.947265625,12705.64453125,13055.685546875,13151.5908203125,12634.3095703125,13530.158203125,14110.583984375,12266.15234375,13477.755859375,11977.0810546875,12663.05078125,12623.0517578125,13771.7060546875,14403.8994140625,10227.79296875,11983.1103515625,11158.50390625,11934.7802734375,13516.8408203125,11425.90625,12694.1640625,11335.8125,11397.7490234375,11331.4287109375,13035.78125,14494.7470703125,12830.6015625,13713.7470703125,11344.3681640625,13586.98046875,12656.5791015625,12333.3955078125,12084.2021484375,11495.5791015625,8636.3515625,10990.662109375,11572.3408203125,12263.6396484375,11713.029296875,12592.4677734375,11536.5791015625,13910.94921875,12031.46484375,13605.6455078125,9661.7001953125,11203.4453125,11917.3095703125,12503.1748046875,11344.779296875,11617.8837890625,10473.4345703125,10495.130859375,10793.7265625,11064.2099609375,11903.072265625,12276.2890625,11329.0654296875,12206.5283203125,12828.220703125,12892.7939453125,12226.70703125,9816.9453125,15103.6953125,10473.2939453125,9922.4296875,11035.177734375,11802.35546875,12164.7470703125,9414.37890625,13021.642578125,12493.4404296875,3826.548828125,12549.1376953125,10604.2421875,10221.0185546875,11153.4658203125,11495.724609375,13228.4453125,10340.1220703125,12634.8720703125,4868.7021484375,12592.3125,11053.28125,13071.6875,12741.9453125,9925.9921875,11446.23828125,11893.0654296875,13635.3056640625,12327.0751953125,9623.9189453125,12345.36328125,11450.337890625,10741.755859375,12088.1025390625,11787.091796875,11976.134765625,11548.29296875,12527.865234375,12051.5478515625,11943.8466796875,10640.365234375,10676.798828125,12313.4248046875,12823.4921875,12739.4990234375,11816.3955078125,13056.5888671875,11277.7470703125,8162.708984375,12178.8994140625,13141.9375,10009.3046875,13268.6376953125,12625.9736328125,11629.97265625,12876.2529296875,10507.294921875,11472.6416015625,11788.267578125,8961.23046875,10295.1923828125,12825.8701171875,13005.814453125,11874.6376953125,10817.8798828125,10594.9375,10810.615234375,10551.4482421875,10007.1171875,8962.3251953125,11686.37890625,12296.2158203125,12176.1767578125,13185.1953125,12714.8203125,13220.0908203125,10517.2099609375,13267.0068359375,9070.7138671875,12389.09765625,13371.263671875,8803.4052734375,9275.494140625,13840.4853515625,13033.533203125,12264.5791015625,12459.1474609375,10718.375,7922.8896484375,7894.95556640625,12293.3603515625,12599.5185546875,10922.4091796875,6339.9248046875,8581.1591796875,10598.2568359375,11295.197265625,10950.2783203125,11506,12406.1689453125
13478.5283203125,12741.541015625,13139.611328125,13092.9482421875,12606.037109375,13477.703125,14156.177734375,12258.78515625,13468.7607421875,12018.3544921875,12657.93359375,12641.80859375,13733.830078125,14465.76953125,10239.1904296875,11990.2998046875,11176.1435546875,11961.091796875,13587.349609375,11470.38671875,12770.7451171875,11363.3720703125,11413.748046875,11359.6376953125,13015.97265625,14547.4443359375,12882.95703125,13774.7451171875,11362.580078125,13639.1630859375,12688.8515625,12293.76171875,12102.638671875,11548.3662109375,8579.35546875,11044.478515625,11568.3828125,12331.435546875,11741.5341796875,12591.5458984375,11549.8720703125,13955.791015625,12031.3125,13627.92578125,9673.8984375,11221.5810546875,11942.38671875,12492.6689453125,11309.8486328125,11632.27734375,10484.1875,10542.2529296875,10763.6005859375,11077.84375,11872.1591796875,12291.9677734375,11363.1064453125,12230.9453125,12807.783203125,12943.009765625,12230.609375,9804.0244140625,15126.4833984375,10466.1708984375,9900.7939453125,11029.171875,11805.2919921875,12162.744140625,9445.2392578125,13042.0283203125,12495.2587890625,3830.44409179688,12608.1533203125,10631.0654296875,10241.10546875,11181.759765625,11475.4130859375,13193.7373046875,10330.392578125,12666.58984375,4840.96533203125,12665.9384765625,11044.283203125,13093.556640625,12770.8974609375,9897.8408203125,11464.2890625,11933.26953125,13608.6708984375,12346.0595703125,9628.6318359375,12346.0908203125,11459.0927734375,10768.5546875,12082.1025390625,11754.232421875,11949.810546875,11560.9150390625,12556.322265625,12065.4326171875,11983.939453125,10652.439453125,10678.3525390625,12345.3564453125,12823.7216796875,12697.8828125,11853.4873046875,13018.2119140625,11282.8037109375,8195.0234375,12173.103515625,13101.3564453125,10006.4072265625,13279.2470703125,12681.0166015625,11605.8212890625,12879.9775390625,10497.3330078125,11428.5361328125,11757.6484375,8966.32421875,10331.623046875,12837.064453125,13043.8701171875,11880.3828125,10810.3916015625,10599.15625,10816.3349609375,10553.3251953125,10002.837890625,8988.427734375,11694.59765625,12278.5234375,12181.91015625,13132.4609375,12757.3662109375,13256.2880859375,10494.787109375,13241.7626953125,9079.4658203125,12321.1025390625,13378.671875,8779.501953125,9274.2822265625,13853.54296875,13087.9296875,12240.845703125,12415.685546875,10723.4580078125,7919.40478515625,7907.80615234375,12293.0810546875,12580.6171875,10882.9423828125,6352.16650390625,8535.611328125,10553.6015625,11305.662109375,10926.7998046875,11461.6259765625,12432.7958984375
13478.791015625,12761.1826171875,13192.0595703125,13065.740234375,12577.095703125,13447.615234375,14165.322265625,12266.640625,13495.4716796875,12077.4697265625,12675.6611328125,12675.2060546875,13724.369140625,14482.70703125,10214.9365234375,12065.3662109375,11173.0546875,11924.3251953125,13619.0751953125,11496.0224609375,12875.2802734375,11357.1748046875,11440.169921875,11402.83203125,13020.5751953125,14541.78125,12910.994140625,13798.4033203125,11410.5078125,13679.0908203125,12723.9638671875,12221.1640625,12135.052734375,11596.58984375,8519.8955078125,11107.7060546875,11569.3134765625,12369.7333984375,11761.638671875,12583.8251953125,11526.947265625,13937.8271484375,12017.6484375,13633.548828125,9683.7685546875,11216.7958984375,11937.3330078125,12492.3408203125,11266.216796875,11670.267578125,10495.5,10554.5654296875,10738.6533203125,11063.6484375,11851.1318359375,12263.6923828125,11397.583984375,12239.04296875,12823.2666015625,13009.17578125,12237.9765625,9820.8349609375,15088.15625,10475.0126953125,9886.2021484375,11040.57421875,11826.4189453125,12191.0947265625,9444.55078125,13048.0927734375,12477.4873046875,3814.36474609375,12639.4814453125,10665.9599609375,10252.03125,11199.34375,11458.521484375,13171.013671875,10344.375,12676.890625,4805.19384765625,12693.431640625,11063.12109375,13102.5048828125,12778.9287109375,9871.978515625,11459.9892578125,12011.2333984375,13526.68359375,12303.8935546875,9658.2333984375,12404.345703125,11459.64453125,10781.4931640625,12056.232421875,11777.953125,11924.2783203125,11571.3251953125,12586.2236328125,12067.6904296875,12010.3046875,10662.4111328125,10677.4404296875,12367.3828125,12816.4248046875,12653.9609375,11899.798828125,13044.9326171875,11300.3310546875,8225.1806640625,12173.3408203125,13191.9033203125,10011.5927734375,13340.015625,12721.6181640625,11573.4404296875,12944.5791015625,10493.0263671875,11368.3291015625,11738.3359375,8984.2216796875,10358.513671875,12821.6162109375,13073.341796875,11868.794921875,10812.330078125,10623.7646484375,10791.4287109375,10522.9853515625,10000.380859375,9011.1015625,11698.7978515625,12238.4921875,12187.4443359375,13054.25390625,12803.80078125,13286.07421875,10483.2744140625,13185.7587890625,9105.9150390625,12317.4541015625,13371.2529296875,8761.986328125,9296.98828125,13877.91796875,13134.685546875,12200.8798828125,12373.125,10710.6982421875,7924.4267578125,7929.29541015625,12280.25390625,12520.3056640625,10839.3935546875,6332.78271484375,8527.0107421875,10474.1611328125,11287.216796875,10965.5400390625,11363.1630859375,12491.7158203125
13522.3876953125,12736.7509765625,13167.060546875,13080.8994140625,12552.939453125,13471.150390625,14151.6318359375,12275.201171875,13568.2890625,12147.859375,12703.447265625,12704.1533203125,13740.7255859375,14458.3505859375,10199.8017578125,12153.0625,11155.6845703125,11855.349609375,13593.0205078125,11510.3125,12932.8779296875,11341.845703125,11469.5146484375,11452.0390625,13049.4111328125,14472.3310546875,12888.142578125,13783.470703125,11463.3095703125,13654.9560546875,12717.7314453125,12143.73046875,12170.3349609375,11614.943359375,8473.8095703125,11142.4736328125,11580.1171875,12336.390625,11747.2275390625,12569.49609375,11468.578125,13849.9296875,11979.9326171875,13627.6689453125,9695.7626953125,11221.0234375,11917.7998046875,12482.1455078125,11257.8701171875,11675.453125,10493.5283203125,10519.5498046875,10740.5185546875,11041.0849609375,11865.4189453125,12220.5947265625,11386.2626953125,12225.71875,12848.0087890625,13014.2216796875,12254.8330078125,9837.7685546875,15020.33203125,10481.11328125,9885.779296875,11048.2685546875,11831.1279296875,12213.728515625,9416.078125,13029.1630859375,12463.341796875,3787.40380859375,12648.62890625,10694.3779296875,10238.64453125,11203.0126953125,11458.841796875,13189.9921875,10358.189453125,12651.4892578125,4792.26025390625,12661.720703125,11108.0595703125,13082.6259765625,12793.1943359375,9815.8779296875,11420.8876953125,12076.58984375,13442.8974609375,12243.1845703125,9704.5703125,12471.498046875,11450.25390625,10757.9423828125,12015.126953125,11843.8505859375,11910.71484375,11554.4296875,12618.6025390625,12058.6220703125,12039.7265625,10659.4814453125,10680.3154296875,12369.8623046875,12816.6025390625,12628.8740234375,11941.501953125,13140.2060546875,11302.7080078125,8225.0048828125,12174.3251953125,13348.4189453125,10022.4541015625,13415.3427734375,12702.7255859375,11539.416015625,13045.4140625,10489.4521484375,11325.28515625,11750.8271484375,8992.349609375,10345.1669921875,12802.9609375,13083.6220703125,11862.3037109375,10810.990234375,10648.9677734375,10749.8720703125,10460.734375,10000.5703125,9013.3427734375,11690.7880859375,12190.185546875,12212.7529296875,12995.4248046875,12810.1513671875,13301.0185546875,10480.0283203125,13115.3056640625,9132.193359375,12383.3388671875,13346.3203125,8772.583984375,9313.0302734375,13884.271484375,13131.1953125,12169.5263671875,12328.6611328125,10704.64453125,7945.04052734375,7930.72607421875,12259.6240234375,12443.6435546875,10828.7880859375,6309.58154296875,8560.7236328125,10414.87109375,11282.4931640625,11015.0703125,11266.1416015625,12574.0380859375
13567.2578125,12692.0498046875,13110.4716796875,13119.7890625,12556.9990234375,13520.638671875,14147.5244140625,12273.9013671875,13656.15234375,12211.6357421875,12717.5751953125,12710.478515625,13747.271484375,14432.9443359375,10221.2470703125,12189.5732421875,11148.9365234375,11826.009765625,13560.9814453125,11529.7255859375,12926.9970703125,11346.3310546875,11487.6318359375,11483.779296875,13092.2470703125,14405.2958984375,12840.4267578125,13768.3154296875,11489.810546875,13598.5859375,12681.09765625,12108.150390625,12183.1796875,11580.548828125,8456.7041015625,11144.3115234375,11603.39453125,12263.095703125,11702.7998046875,12571.5498046875,11419.6328125,13759.5615234375,11950.8427734375,13638.98046875,9711.923828125,11255.1923828125,11912.9755859375,12471.6376953125,11309.9794921875,11641.873046875,10482.15625,10483.4599609375,10778.0283203125,11043.4091796875,11903.9912109375,12207.7548828125,11330.8515625,12200.8095703125,12856.7509765625,12973.552734375,12279.3095703125,9843.337890625,14976.7763671875,10472.2060546875,9891.0380859375,11037.2763671875,11807.650390625,12211.158203125,9393.24609375,12996.0419921875,12475.720703125,3770.28002929688,12647.7314453125,10713.291015625,10219.3076171875,11209.9453125,11481.73828125,13239.5888671875,10356.15625,12611.8427734375,4813.3017578125,12631.1064453125,11148.6142578125,13039.5537109375,12816.9560546875,9733.587890625,11370.3271484375,12085.951171875,13421.0419921875,12201.5302734375,9753.013671875,12480.4912109375,11427.0380859375,10712.673828125,11980.9296875,11895.2265625,11928.384765625,11515.8046875,12652.4638671875,12051.1943359375,12079.8857421875,10649.923828125,10703.7255859375,12361.7080078125,12835.0419921875,12615.8134765625,11967.8203125,13214.3671875,11283.0283203125,8194.0029296875,12149.111328125,13422.7939453125,10031.8408203125,13448.388671875,12607.109375,11511.474609375,13117.0693359375,10466.8623046875,11307.32421875,11785.9599609375,8973.6044921875,10315.0244140625,12810.50390625,13078.9755859375,11868.8046875,10784.1357421875,10656.1650390625,10729.6748046875,10387.8935546875,10003.4296875,8989.9150390625,11672.4541015625,12153.8388671875,12256.3359375,12983.2724609375,12771.8095703125,13296.2919921875,10471.1533203125,13042.9970703125,9139.916015625,12427.498046875,13311.724609375,8788.673828125,9299.7119140625,13851.7685546875,13066.7490234375,12134.4267578125,12286.087890625,10713.421875,7968.03759765625,7894.18994140625,12234.2939453125,12380.1923828125,10845.8505859375,6314.6181640625,8594.025390625,10393.447265625,11273.0966796875,11011.51171875,11234.4609375,12625.5732421875
13575.1015625,12678.83984375,13102.4541015625,13155.794921875,12604.552734375,13541.0693359375,14167.3779296875,12269.359375,13704.7734375,12239.0625,12705.07421875,12689.9794921875,13721.392578125,14441.2568359375,10253.001953125,12159.8154296875,11165.96484375,11872.3095703125,13581.6806640625,11549.279296875,12899.5322265625,11368.390625,11483.908203125,11473.5771484375,13132.6494140625,14411.0166015625,12821.236328125,13779.6533203125,11477.2998046875,13586.8740234375,12665.2587890625,12138.64453125,12160.658203125,11503.5498046875,8478.4716796875,11142.8505859375,11632.6923828125,12221.103515625,11665.5126953125,12601.6875,11426.869140625,13741.060546875,11968.7236328125,13678.1845703125,9722.220703125,11295.7734375,11931.673828125,12487.9736328125,11394.6435546875,11611.7998046875,10481.294921875,10490.798828125,10832.5849609375,11076.0947265625,11932.724609375,12240.3154296875,11280.0791015625,12182.8310546875,12856.1611328125,12968.4775390625,12301.005859375,9852.412109375,14979.8564453125,10459.8623046875,9890.14453125,11016.4287109375,11777.57421875,12201.689453125,9405.1923828125,12971.0048828125,12512.5107421875,3777.15869140625,12652.3310546875,10728.8974609375,10223.826171875,11229.912109375,11521.9296875,13276.2666015625,10347.4775390625,12595.4921875,4851.07177734375,12652.7763671875,11155.033203125,12997.30859375,12826.462890625,9673.5576171875,11350.9609375,12043.4189453125,13482.9462890625,12186.0126953125,9784.73046875,12415.0107421875,11398.1884765625,10690.77734375,11974.08984375,11889.3037109375,11986.5537109375,11487.1533203125,12675.1875,12054.6123046875,12112.591796875,10646.9521484375,10748.8642578125,12356.09375,12867.8369140625,12596.7578125,11971.5966796875,13182.5419921875,11267.908203125,8158.0107421875,12089.552734375,13343.46484375,10033.1630859375,13420.0107421875,12480.064453125,11505.6826171875,13113.3603515625,10418.47265625,11302.3466796875,11814.173828125,8935.611328125,10314.5693359375,12842.2724609375,13071.7529296875,11872.814453125,10729.8056640625,10643.708984375,10751.568359375,10343.5498046875,10009.998046875,8955.78125,11654.916015625,12147.43359375,12291.5751953125,13006.87109375,12735.0966796875,13269.3935546875,10451.369140625,12979.8701171875,9127.11328125,12389.4033203125,13281.27734375,8776.5654296875,9264.3408203125,13804.84765625,12980.412109375,12079.05078125,12267.7353515625,10718.8447265625,7974.02197265625,7838.91552734375,12208.8271484375,12356.333984375,10855.3564453125,6346.31396484375,8585.7744140625,10387.1083984375,11210.5908203125,10951.2021484375,11284.6240234375,12592.626953125
13546.8046875,12718.7900390625,13168.755859375,13172.1533203125,12675.875,13510.3779296875,14187.73046875,12274.755859375,13685.5693359375,12211.6064453125,12677.560546875,12655.4765625,13681.80859375,14477.82421875,10246.474609375,12102.3701171875,11191.6103515625,11953.021484375,13649.2958984375,11545.125,12892.6279296875,11381.07421875,11462.318359375,11421.369140625,13151.0400390625,14485.814453125,12855.0419921875,13803.083984375,11439.6826171875,13643.9140625,12696.4482421875,12212.60546875,12122.1171875,11431.5693359375,8527.3388671875,11164.716796875,11655.544921875,12244.1611328125,11665.9736328125,12639.2265625,11488.01171875,13798.5986328125,12025.6298828125,13718.1484375,9709.7275390625,11301.123046875,11951.900390625,12533.0810546875,11449.94140625,11623.0966796875,10500.9248046875,10529.2392578125,10868.8095703125,11112.494140625,11928.271484375,12289.0185546875,11278.3828125,12182.4677734375,12872.232421875,13040.244140625,12310.12890625,9878.0087890625,15005.19921875,10466.4287109375,9882.6220703125,11006.146484375,11769.892578125,12212.7529296875,9447.9990234375,12967.896484375,12544.7197265625,3803.41528320312,12667.6962890625,10743.490234375,10254.9326171875,11247.806640625,11562.7509765625,13269.03515625,10349.87890625,12617.4013671875,4876.61474609375,12703.875,11129.0888671875,12983.0185546875,12803.216796875,9679.2216796875,11383.2392578125,11992.9638671875,13588.314453125,12186.3876953125,9784.9619140625,12328.9921875,11386.6904296875,10715.8955078125,11993.3486328125,11838.52734375,12064.0517578125,11493.6953125,12674.1533203125,12063.5263671875,12109.4130859375,10656.9306640625,10791.4638671875,12356.1279296875,12896.70703125,12566.9443359375,11955.755859375,13060.2109375,11286.310546875,8144.32177734375,12031.8984375,13193.8564453125,10025.4287109375,13369.0205078125,12410.0810546875,11534.7099609375,13047.9560546875,10367.1708984375,11297.904296875,11812.2822265625,8907.7607421875,10355.0703125,12862.736328125,13075.9755859375,11857.107421875,10677.2685546875,10625.201171875,10795.9267578125,10353.5029296875,10019.8984375,8938.1201171875,11648.79296875,12169.0771484375,12292.40625,13032.7822265625,12747.6845703125,13231.3603515625,10431.6435546875,12941.8017578125,9108.3896484375,12319.5390625,13270.783203125,8734.7216796875,9236.5791015625,13794.0654296875,12934.1455078125,12025.9619140625,12290.2548828125,10701.7236328125,7959.072265625,7805.49267578125,12189.7861328125,12380.0859375,10836.3779296875,6373.396484375,8541.5341796875,10368.7216796875,11093.1376953125,10886.1640625,11372.2333984375,12483.2265625
13515.2548828125,12780.2001953125,13261.2060546875,13167.197265625,12727.2109375,13459.6806640625,14172.03125,12290.5048828125,13622.623046875,12146.3935546875,12661.921875,12628.5419921875,13667.216796875,14503.146484375,10190.6796875,12063.3408203125,11200.9921875,11992.580078125,13696.421875,11508.041015625,12903.7783203125,11369.36328125,11439.46875,11361.27734375,13134.73828125,14553.9521484375,12911.755859375,13808.1630859375,11402.7373046875,13708.341796875,12743.6513671875,12282.5078125,12105.9541015625,11412.810546875,8569.0380859375,11199.19140625,11663.29296875,12298.2880859375,11693.2578125,12654.904296875,11552.2060546875,13867.2529296875,12071.5400390625,13724.080078125,9668.451171875,11263.9326171875,11948.83203125,12572.3017578125,11438.7470703125,11671.7626953125,10525.12109375,10547.1533203125,10864.857421875,11128.2568359375,11897.419921875,12311.9775390625,11322.5263671875,12193.0869140625,12913.615234375,13141.9033203125,12306.8955078125,9910.3466796875,15017.490234375,10497.3291015625,9879.345703125,11013.4970703125,11792.2109375,12243.978515625,9489.18359375,12983.7705078125,12542.9912109375,3830.00830078125,12676.5859375,10749.6953125,10281.6953125,11241.1328125,11582.39453125,13232.505859375,10365.0771484375,12657.158203125,4873.3134765625,12721.8662109375,11101.5771484375,13009.5224609375,12760.8828125,9743.1875,11443.2490234375,11973.173828125,13665.7333984375,12197.5595703125,9753.5126953125,12294.9013671875,11410.072265625,10758.119140625,12017.806640625,11795.646484375,12116.40234375,11530.2734375,12654.6953125,12065.1982421875,12063.201171875,10675.8056640625,10803.44921875,12355.4443359375,12901.8369140625,12541.333984375,11936.4267578125,12949.9609375,11331.89453125,8160.2236328125,12028.2744140625,13124.74609375,10014.5302734375,13348.3076171875,12459.4619140625,11586.9267578125,12974.416015625,10347.1123046875,11291.787109375,11782.287109375,8915.5078125,10399.9677734375,12842.09765625,13099.4423828125,11828.13671875,10663.181640625,10614.4365234375,10825.9658203125,10404.3486328125,10027.8603515625,8955.7783203125,11655.2275390625,12191.0625,12258.7109375,13039.6162109375,12802.9921875,13212.0810546875,10427.1865234375,12945.3671875,9098.9462890625,12310.939453125,13292.0751953125,8696.1796875,9240.8896484375,13838.779296875,12964.783203125,12026.6728515625,12335.3515625,10669.5693359375,7938.12158203125,7815.0361328125,12181.5283203125,12430.8125,10805.0771484375,6371.26318359375,8503.697265625,10336.49609375,10988.7060546875,10857.8349609375,11434.40234375,12372.5703125
13508.0986328125,12815.056640625,13319.0732421875,13150.177734375,12731.46875,13433.58203125,14112.4130859375,12301.6103515625,13568.021484375,12089.3671875,12675.0908203125,12624.9638671875,13692.630859375,14483.279296875,10126.59765625,12053.1904296875,11189.384765625,11959.6591796875,13665.90234375,11462.4482421875,12899.7802734375,11348.779296875,11429.0361328125,11337.6376953125,13090.4453125,14548.052734375,12939.4287109375,13790.236328125,11382.7158203125,13706.693359375,12757.333984375,12318.236328125,12133.767578125,11452.578125,8574.193359375,11207.591796875,11657.1015625,12328.263671875,11707.828125,12648.673828125,11573.0927734375,13885.9736328125,12071.791015625,13695.7265625,9614.66796875,11221.5283203125,11927.5732421875,12573.7177734375,11384.4326171875,11724.5166015625,10528.482421875,10517.7626953125,10832.28515625,11127.9306640625,11866.18359375,12296.9072265625,11371.1826171875,12200.0791015625,12958.1845703125,13201.87109375,12300.6220703125,9930.9208984375,15010.873046875,10532.755859375,9888.876953125,11025.84765625,11828.5341796875,12269.19140625,9498.4306640625,13007.5244140625,12506.6328125,3839.60107421875,12651.5859375,10739.810546875,10273.80078125,11210.6416015625,11569.5810546875,13210.9716796875,10378.04296875,12685.3017578125,4846.14404296875,12689.349609375,11099.5234375,13065.7177734375,12734.4638671875,9816.98046875,11485.287109375,11983.7109375,13669.0625,12221.5029296875,9706.986328125,12336.4736328125,11458.654296875,10766.30859375,12028.0087890625,11800.3876953125,12112.5712890625,11569.8837890625,12637.7998046875,12055.30859375,12000.88671875,10696.0859375,10782.326171875,12349.544921875,12877.6650390625,12539.0634765625,11931.89453125,12937.724609375,11367.1806640625,8193.5146484375,12091.15234375,13200.7548828125,10009.0166015625,13369.580078125,12607.04296875,11626.783203125,12932.4951171875,10368.8662109375,11287.0654296875,11746.267578125,8956.349609375,10410.5078125,12791.51953125,13134.1025390625,11812.7236328125,10697.2392578125,10613.7626953125,10828.2421875,10455.7841796875,10026.0380859375,9003.3349609375,11665.7626953125,12181.0869140625,12214.4423828125,13034.263671875,12845.8740234375,13239.4755859375,10441.169921875,12991.607421875,9100.6689453125,12377.6279296875,13343.4287109375,8691.228515625,9275.8935546875,13901.908203125,13057.5634765625,12103.662109375,12359.1328125,10650.0810546875,7927.568359375,7850.23583984375,12182.2041015625,12471.4287109375,10791.9921875,6346.228515625,8502.53515625,10308.0087890625,10970.2119140625,10855.2294921875,11443.3154296875,12339.134765625
13521.9990234375,12809.2763671875,13330.771484375,13132.93359375,12702.1904296875,13441.17578125,14040.0185546875,12295.314453125,13553.2744140625,12076.6240234375,12707.689453125,12643.7109375,13734.8984375,14423.3896484375,10100.2060546875,12049.51953125,11175.6376953125,11893.6279296875,13570.2177734375,11442.8671875,12863.3955078125,11344.1923828125,11429.0009765625,11365.8154296875,13043.255859375,14476.408203125,12917.919921875,13774.294921875,11378.26953125,13640.3203125,12727.484375,12323.6181640625,12189.58203125,11510.0986328125,8547.8388671875,11168.001953125,11645.0361328125,12319.50390625,11688.0205078125,12649.5107421875,11553.9853515625,13855.8359375,12044.837890625,13667.2529296875,9576.6201171875,11211.0595703125,11918.7373046875,12547.1298828125,11343.4501953125,11755.2333984375,10505.8203125,10468.7265625,10803.6259765625,11132.0166015625,11854.265625,12268.5849609375,11390.591796875,12198.45703125,12978.201171875,13208.6240234375,12299.6240234375,9938.5888671875,15007.5234375,10548.9794921875,9906.916015625,11028.97265625,11858.7470703125,12270.771484375,9473.369140625,13031.8515625,12464.2236328125,3829.607421875,12587.8095703125,10717.798828125,10235.4892578125,11183.50390625,11536.056640625,13230.9375,10378.072265625,12694.9404296875,4812.2060546875,12656.6787109375,11120.0498046875,13122.1923828125,12744.2353515625,9860.0859375,11485.310546875,11995.796875,13610.8408203125,12253.7490234375,9667.87109375,12414.4521484375,11500.7529296875,10728.3662109375,12022.3125,11843.4091796875,12064.7978515625,11591.263671875,12637.7421875,12042.9521484375,11962.21875,10713.91015625,10753.5673828125,12342.046875,12837.8046875,12563.9140625,11945.275390625,13013.9404296875,11365.98046875,8227.4921875,12175.51953125,13346.9345703125,10012.71484375,13400.8232421875,12762.8916015625,11625.4609375,12919.6748046875,10408.1455078125,11283.7451171875,11725.15625,9002.0498046875,10390.052734375,12751.8671875,13156.42578125,11828.3408203125,10753.8818359375,10616.2490234375,10821.7646484375,10479.6796875,10012.0498046875,9054.8154296875,11670.369140625,12134.2890625,12183.8115234375,13035.53515625,12835.080078125,13306.994140625,10462.1845703125,13055.9970703125,9104.62890625,12440.00390625,13404.859375,8716.4609375,9318.0244140625,13930.2470703125,13161.392578125,12215.4892578125,12336.29296875,10657.810546875,7928.92041015625,7877.9111328125,12184.98828125,12478.3251953125,10805.0478515625,6323.40380859375,8526.6689453125,10295.03125,11036.9658203125,10842.984375,11418.9951171875,12394.9560546875
